1  1.0  0.0
3  0.97999999999999998  0.0021052631578947368
5  1.0  0.0
7  1.0  0.0
9  1.0  0.0
1  0.95999999999999996  0.034736842105263156
3  1.0  0.0
5  1.0  0.0
7  1.0  0.0
9  0.97999999999999998  0.017894736842105262
1  1.0  0.0
3  1.0  0.0
5  1.0  0.0
7  1.0  0.0
9  1.0  0.0
1  0.83999999999999997  0.13473684210526315
3  1.0  0.0010526315789473684
5  1.0  0.0
7  1.0  0.0031578947368421052
9  1.0  0.0
1  1.0  0.034736842105263156
3  0.93999999999999995  0.029473684210526315
5  1.0  0.0
7  1.0  0.0
9  1.0  0.0
1  1.0  0.0
3  1.0  0.0
5  1.0  0.0
7  1.0  0.0
9  1.0  0.0031578947368421052
1  0.97999999999999998  0.012631578947368421
3  1.0  0.0
5  1.0  0.0
7  1.0  0.0
9  1.0  0.0
1  1.0  0.0
3  0.95999999999999996  0.030526315789473683
5  1.0  0.0031578947368421052
7  1.0  0.0
9  1.0  0.0
1  1.0  0.0
3  1.0  0.0010526315789473684
5  1.0  0.0
7  1.0  0.0
9  1.0  0.0031578947368421052
1  1.0  0.0021052631578947368
3  1.0  0.0
5  1.0  0.0073684210526315788
7  1.0  0.0
9  1.0  0.0
