2  1.0  0.0
3  1.0  0.0
4  1.0  0.0
5  1.0  0.0010526315789473684
6  1.0  0.0042105263157894736
2  0.93999999999999995  0.0021052631578947368
3  0.97999999999999998  0.0021052631578947368
4  1.0  0.0
5  1.0  0.0
6  1.0  0.0
2  1.0  0.0
3  1.0  0.0
4  1.0  0.0
5  1.0  0.0
6  1.0  0.0010526315789473684
2  0.97999999999999998  0.0
3  1.0  0.0
4  1.0  0.0
5  1.0  0.0010526315789473684
6  1.0  0.0042105263157894736
2  1.0  0.0
3  0.97999999999999998  0.0010526315789473684
4  0.97999999999999998  0.0
5  1.0  0.0010526315789473684
6  1.0  0.0010526315789473684
