2  0.071999999999999995  0.0002105263157894737
3  0.81200000000000006  0.0005263157894736842
4  0.80400000000000005  0.00084210526315789478
5  0.65000000000000002  0.00094736842105263154
6  0.90400000000000003  0.00094736842105263154
7  0.71999999999999997  0.00084210526315789478
8  0.84199999999999997  0.00073684210526315792
9  0.98399999999999999  0.00084210526315789478
10  0.498  0.00073684210526315792
2  0.52000000000000002  0.00010526315789473685
3  0.0080000000000000002  0.00031578947368421053
4  0.81399999999999995  0.00073684210526315792
5  0.080000000000000002  0.00084210526315789478
6  0.0060000000000000001  0.00010526315789473685
7  0.87  0.0012631578947368421
8  0.88200000000000001  0.00063157894736842106
9  0.97799999999999998  0.0016842105263157896
10  0.48999999999999999  0.0010526315789473684
2  0.55000000000000004  0.00010526315789473685
3  0.002  0.0002105263157894737
4  0.58799999999999997  0.0002105263157894737
5  0.25  0.00031578947368421053
6  0.84399999999999997  0.0002105263157894737
7  0.96999999999999997  0.00094736842105263154
8  0.98999999999999999  0.0018947368421052631
9  0.65600000000000003  0.0012631578947368421
10  0.93200000000000005  0.00084210526315789478
2  0.025999999999999999  0.00031578947368421053
3  0.83799999999999997  0.0002105263157894737
4  0.81200000000000006  0.00031578947368421053
5  0.032000000000000001  0.0
6  0.0060000000000000001  0.00010526315789473685
7  0.050000000000000003  0.00042105263157894739
8  0.158  0.00094736842105263154
9  0.876  0.00063157894736842106
10  0.83599999999999997  0.00094736842105263154
2  0.032000000000000001  0.00031578947368421053
3  0.14199999999999999  0.00031578947368421053
4  0.002  0.0
5  0.97599999999999998  0.0005263157894736842
6  0.080000000000000002  0.00084210526315789478
7  0.014  0.0005263157894736842
8  0.82399999999999995  0.00042105263157894739
9  0.82199999999999995  0.00084210526315789478
10  0.97799999999999998  0.00073684210526315792
2  0.80200000000000005  0.00031578947368421053
3  0.17599999999999999  0.00063157894736842106
4  0.17399999999999999  0.0014736842105263158
5  0.045999999999999999  0.0002105263157894737
6  0.98399999999999999  0.0011578947368421054
7  0.84399999999999997  0.00042105263157894739
8  0.81799999999999995  0.00084210526315789478
9  0.97399999999999998  0.0005263157894736842
10  0.40799999999999997  0.0011578947368421054
2  0.124  0.00031578947368421053
3  0.0  0.0
4  0.014  0.00010526315789473685
5  0.85799999999999998  0.0002105263157894737
6  0.85399999999999998  0.00031578947368421053
7  0.0080000000000000002  0.00073684210526315792
8  0.81399999999999995  0.00042105263157894739
9  0.94999999999999996  0.00073684210526315792
10  0.64000000000000001  0.00042105263157894739
2  0.014  0.00031578947368421053
3  0.0060000000000000001  0.0002105263157894737
4  0.96999999999999997  0.0005263157894736842
5  0.83999999999999997  0.0002105263157894737
6  0.88200000000000001  0.0002105263157894737
7  0.82399999999999995  0.00010526315789473685
8  0.48199999999999998  0.0012631578947368421
9  0.26000000000000001  0.0005263157894736842
10  0.82799999999999996  0.00042105263157894739
2  0.81399999999999995  0.00031578947368421053
3  0.82399999999999995  0.0005263157894736842
4  0.037999999999999999  0.00042105263157894739
5  0.016  0.0
6  0.88800000000000001  0.00084210526315789478
7  0.88  0.0013684210526315789
8  0.79000000000000004  0.0005263157894736842
9  0.81599999999999995  0.00063157894736842106
10  0.99399999999999999  0.00073684210526315792
2  0.017999999999999999  0.0002105263157894737
3  0.068000000000000005  0.00010526315789473685
4  0.016  0.00010526315789473685
5  0.0  0.0
6  0.84199999999999997  0.0011578947368421054
7  0.72399999999999998  0.0011578947368421054
8  0.0080000000000000002  0.00010526315789473685
9  0.24399999999999999  0.0018947368421052631
10  0.13600000000000001  0.0005263157894736842
2  0.81599999999999995  0.00073684210526315792
3  0.051999999999999998  0.0002105263157894737
4  0.14399999999999999  0.0010526315789473684
5  0.374  0.00010526315789473685
6  0.098000000000000004  0.00084210526315789478
7  0.88400000000000001  0.00042105263157894739
8  0.752  0.00084210526315789478
9  0.83999999999999997  0.0012631578947368421
10  0.96999999999999997  0.00063157894736842106
2  0.070000000000000007  0.0005263157894736842
3  0.79000000000000004  0.00073684210526315792
4  0.78200000000000003  0.00031578947368421053
5  0.058000000000000003  0.00010526315789473685
6  0.002  0.00010526315789473685
7  0.92400000000000004  0.00073684210526315792
8  0.876  0.0013684210526315789
9  0.99199999999999999  0.00073684210526315792
10  0.89600000000000002  0.00084210526315789478
2  0.075999999999999998  0.0002105263157894737
3  0.0040000000000000001  0.00063157894736842106
4  0.81799999999999995  0.00010526315789473685
5  0.97399999999999998  0.00073684210526315792
6  0.186  0.00042105263157894739
7  0.085999999999999993  0.00042105263157894739
8  0.97999999999999998  0.0010526315789473684
9  0.996  0.0014736842105263158
10  0.98999999999999999  0.0014736842105263158
2  0.024  0.00010526315789473685
3  0.154  0.00042105263157894739
4  0.058000000000000003  0.0002105263157894737
5  0.035999999999999997  0.00073684210526315792
6  0.75800000000000001  0.00010526315789473685
7  0.67200000000000004  0.0016842105263157896
8  0.29999999999999999  0.00063157894736842106
9  0.96599999999999997  0.0011578947368421054
10  0.10000000000000001  0.00063157894736842106
2  0.025999999999999999  0.0002105263157894737
3  0.81000000000000005  0.00010526315789473685
4  0.0  0.0
5  0.95599999999999996  0.0002105263157894737
6  0.56999999999999995  0.00084210526315789478
7  0.96599999999999997  0.0011578947368421054
8  0.93799999999999994  0.00094736842105263154
9  0.96599999999999997  0.00063157894736842106
10  0.96999999999999997  0.00073684210526315792
2  0.0  0.0
3  0.017999999999999999  0.00010526315789473685
4  0.089999999999999997  0.00042105263157894739
5  0.26400000000000001  0.00084210526315789478
6  0.82399999999999995  0.0002105263157894737
7  0.76600000000000001  0.00042105263157894739
8  0.76600000000000001  0.0011578947368421054
9  0.498  0.0012631578947368421
10  0.89400000000000002  0.0010526315789473684
2  0.0060000000000000001  0.0
3  0.80400000000000005  0.00042105263157894739
4  0.20000000000000001  0.0011578947368421054
5  0.90600000000000003  0.0005263157894736842
6  0.84799999999999998  0.00042105263157894739
7  0.36199999999999999  0.0016842105263157896
8  0.99399999999999999  0.0011578947368421054
9  0.82599999999999996  0.00063157894736842106
10  0.998  0.00042105263157894739
2  0.79000000000000004  0.00031578947368421053
3  0.048000000000000001  0.0002105263157894737
4  0.0  0.0
5  0.27800000000000002  0.0010526315789473684
7  0.040000000000000001  0.00063157894736842106
8  0.83399999999999996  0.00094736842105263154
9  0.44400000000000001  0.0005263157894736842
10  0.040000000000000001  0.00042105263157894739
2  0.028000000000000001  0.00073684210526315792
3  0.81799999999999995  0.00010526315789473685
4  0.034000000000000002  0.00010526315789473685
5  0.82999999999999996  0.0002105263157894737
6  0.017999999999999999  0.0002105263157894737
7  0.76000000000000001  0.00031578947368421053
8  0.94199999999999995  0.0005263157894736842
9  0.99199999999999999  0.0015789473684210526
10  0.96999999999999997  0.00063157894736842106
2  0.037999999999999999  0.00031578947368421053
3  0.312  0.00042105263157894739
4  0.045999999999999999  0.00010526315789473685
5  0.996  0.00063157894736842106
6  0.81399999999999995  0.00063157894736842106
7  0.97199999999999998  0.00063157894736842106
8  0.83399999999999996  0.0010526315789473684
9  0.80800000000000005  0.0005263157894736842
10  0.96199999999999997  0.0015789473684210526
2  0.059999999999999998  0.0002105263157894737
3  0.80600000000000005  0.0005263157894736842
4  0.66600000000000004  0.00042105263157894739
5  0.89800000000000002  0.00031578947368421053
6  0.14599999999999999  0.0005263157894736842
7  0.091999999999999998  0.00073684210526315792
8  0.042000000000000003  0.0002105263157894737
9  0.84199999999999997  0.00031578947368421053
10  0.68400000000000005  0.0014736842105263158
2  0.0060000000000000001  0.00042105263157894739
3  0.82399999999999995  0.0002105263157894737
4  0.83199999999999996  0.00063157894736842106
5  0.037999999999999999  0.00094736842105263154
6  0.028000000000000001  0.0002105263157894737
7  0.82599999999999996  0.0012631578947368421
8  0.80200000000000005  0.00063157894736842106
9  0.80800000000000005  0.0010526315789473684
10  0.998  0.00063157894736842106
2  0.78800000000000003  0.00010526315789473685
3  0.032000000000000001  0.00063157894736842106
4  0.014  0.00042105263157894739
5  0.63  0.0013684210526315789
6  0.96799999999999997  0.00063157894736842106
7  0.84799999999999998  0.00094736842105263154
8  0.14199999999999999  0.00084210526315789478
9  0.94799999999999995  0.00094736842105263154
10  0.79800000000000004  0.0013684210526315789
2  0.70399999999999996  0.0002105263157894737
3  0.96599999999999997  0.00042105263157894739
4  0.39800000000000002  0.0002105263157894737
5  0.93999999999999995  0.0002105263157894737
6  0.045999999999999999  0.00031578947368421053
7  0.95799999999999996  0.0011578947368421054
8  0.432  0.00063157894736842106
9  0.998  0.0012631578947368421
10  0.94999999999999996  0.0013684210526315789
2  0.83199999999999996  0.00031578947368421053
3  0.13400000000000001  0.0005263157894736842
4  0.58599999999999997  0.0005263157894736842
5  0.82199999999999995  0.00073684210526315792
6  0.97399999999999998  0.00031578947368421053
7  0.996  0.0012631578947368421
8  0.55000000000000004  0.00073684210526315792
9  0.77000000000000002  0.0
10  0.82199999999999995  0.0011578947368421054
2  0.02  0.00031578947368421053
3  0.79000000000000004  0.0002105263157894737
4  0.54200000000000004  0.0013684210526315789
5  0.20200000000000001  0.0002105263157894737
6  0.97599999999999998  0.00031578947368421053
7  0.96399999999999997  0.0010526315789473684
8  0.81999999999999995  0.00042105263157894739
9  0.88200000000000001  0.00073684210526315792
10  0.998  0.0013684210526315789
2  0.043999999999999997  0.00010526315789473685
3  0.0080000000000000002  0.00010526315789473685
4  0.78400000000000003  0.00031578947368421053
5  0.28399999999999997  0.00042105263157894739
6  0.16800000000000001  0.00042105263157894739
7  0.84199999999999997  0.00073684210526315792
8  0.90200000000000002  0.0010526315789473684
9  0.89600000000000002  0.00084210526315789478
10  0.82399999999999995  0.00073684210526315792
2  0.79000000000000004  0.0005263157894736842
3  0.38200000000000001  0.0005263157894736842
4  0.14199999999999999  0.0011578947368421054
5  0.152  0.00010526315789473685
6  0.70599999999999996  0.00031578947368421053
7  0.65200000000000002  0.0010526315789473684
8  0.050000000000000003  0.0016842105263157896
9  0.81200000000000006  0.00031578947368421053
10  0.996  0.0013684210526315789
2  0.0  0.0
3  0.014  0.0002105263157894737
4  0.80600000000000005  0.00042105263157894739
5  0.070000000000000007  0.00063157894736842106
6  0.108  0.00042105263157894739
7  0.81000000000000005  0.0011578947368421054
8  0.55400000000000005  0.00084210526315789478
9  0.74199999999999999  0.0005263157894736842
10  0.77000000000000002  0.00073684210526315792
2  0.79000000000000004  0.00063157894736842106
3  0.64600000000000002  0.0
4  0.0  0.0
5  0.82599999999999996  0.0005263157894736842
6  0.0  0.0
7  0.77200000000000002  0.00084210526315789478
8  0.96399999999999997  0.00042105263157894739
9  0.91200000000000003  0.0011578947368421054
10  0.84799999999999998  0.0010526315789473684
2  0.84199999999999997  0.0002105263157894737
3  0.82199999999999995  0.0002105263157894737
4  0.96799999999999997  0.00094736842105263154
5  0.86599999999999999  0.0012631578947368421
6  0.062  0.0002105263157894737
7  0.84999999999999998  0.00063157894736842106
8  0.81599999999999995  0.00073684210526315792
9  0.95799999999999996  0.00073684210526315792
10  0.80600000000000005  0.00031578947368421053
2  0.81399999999999995  0.00042105263157894739
3  0.90200000000000002  0.00010526315789473685
4  0.28199999999999997  0.00031578947368421053
5  0.032000000000000001  0.0002105263157894737
6  1.0  0.00073684210526315792
7  0.88400000000000001  0.00073684210526315792
8  0.066000000000000003  0.0005263157894736842
9  0.029999999999999999  0.00031578947368421053
10  0.86199999999999999  0.0017894736842105263
2  0.028000000000000001  0.0002105263157894737
3  0.81799999999999995  0.00042105263157894739
4  0.96199999999999997  0.00084210526315789478
5  0.01  0.00010526315789473685
6  0.104  0.00084210526315789478
7  0.17399999999999999  0.00084210526315789478
8  0.32400000000000001  0.00084210526315789478
9  0.66600000000000004  0.00063157894736842106
10  0.89600000000000002  0.00084210526315789478
2  0.0  0.0
3  0.44600000000000001  0.0002105263157894737
4  0.95799999999999996  0.0005263157894736842
5  0.01  0.00042105263157894739
6  0.094  0.00031578947368421053
7  0.54200000000000004  0.00094736842105263154
8  0.83199999999999996  0.00084210526315789478
9  0.83399999999999996  0.0010526315789473684
10  0.42399999999999999  0.00063157894736842106
2  0.0040000000000000001  0.00031578947368421053
3  0.52600000000000002  0.00010526315789473685
4  0.91000000000000003  0.0005263157894736842
5  0.91000000000000003  0.00042105263157894739
6  0.035999999999999997  0.00073684210526315792
7  0.96799999999999997  0.0010526315789473684
8  0.83599999999999997  0.00063157894736842106
9  0.53800000000000003  0.00094736842105263154
10  0.14599999999999999  0.00073684210526315792
2  0.59799999999999998  0.00031578947368421053
3  0.42799999999999999  0.00031578947368421053
4  0.82399999999999995  0.00084210526315789478
5  0.02  0.0002105263157894737
6  0.91400000000000003  0.00084210526315789478
7  0.085999999999999993  0.0005263157894736842
8  0.82399999999999995  0.00073684210526315792
9  0.84199999999999997  0.0016842105263157896
10  0.98399999999999999  0.0005263157894736842
2  0.021999999999999999  0.00031578947368421053
3  0.01  0.0
4  0.82799999999999996  0.0
5  0.90400000000000003  0.0012631578947368421
6  0.81799999999999995  0.00042105263157894739
7  0.45000000000000001  0.00084210526315789478
8  0.97999999999999998  0.00084210526315789478
9  0.97799999999999998  0.00094736842105263154
10  0.49399999999999999  0.0011578947368421054
2  0.016  0.00031578947368421053
3  0.95799999999999996  0.00063157894736842106
4  0.028000000000000001  0.00042105263157894739
5  0.51200000000000001  0.00063157894736842106
6  0.878  0.00042105263157894739
7  0.92800000000000005  0.0005263157894736842
8  0.83999999999999997  0.00063157894736842106
9  0.93200000000000005  0.00094736842105263154
10  0.158  0.00073684210526315792
2  0.0  0.0
3  0.094  0.0002105263157894737
4  0.79600000000000004  0.00042105263157894739
5  0.85599999999999998  0.00084210526315789478
6  0.012  0.00010526315789473685
7  0.82199999999999995  0.00031578947368421053
8  0.99399999999999999  0.0013684210526315789
9  0.96999999999999997  0.00063157894736842106
10  0.98399999999999999  0.00073684210526315792
2  0.57799999999999996  0.0
3  0.029999999999999999  0.00010526315789473685
4  0.028000000000000001  0.0002105263157894737
5  0.045999999999999999  0.00031578947368421053
6  0.024  0.00084210526315789478
7  0.70999999999999996  0.00094736842105263154
8  0.97999999999999998  0.0010526315789473684
9  0.97599999999999998  0.0012631578947368421
10  0.88  0.0014736842105263158
2  0.0  0.0
3  0.0060000000000000001  0.00010526315789473685
4  0.025999999999999999  0.00010526315789473685
5  0.61399999999999999  0.00084210526315789478
6  0.80600000000000005  0.0
7  0.98399999999999999  0.0005263157894736842
8  0.84999999999999998  0.00063157894736842106
9  0.82999999999999996  0.00073684210526315792
10  0.98799999999999999  0.00084210526315789478
2  0.0  0.0
3  0.012  0.0
4  0.012  0.0002105263157894737
5  0.69199999999999995  0.00063157894736842106
6  0.056000000000000001  0.00042105263157894739
7  0.92400000000000004  0.0002105263157894737
8  0.98999999999999999  0.0013684210526315789
9  0.98199999999999998  0.0011578947368421054
10  0.02  0.00094736842105263154
2  0.0040000000000000001  0.00031578947368421053
3  0.82599999999999996  0.00042105263157894739
4  0.996  0.00031578947368421053
5  0.97199999999999998  0.00094736842105263154
6  0.106  0.00031578947368421053
7  0.97199999999999998  0.00073684210526315792
8  0.82599999999999996  0.00063157894736842106
9  0.90800000000000003  0.0015789473684210526
10  0.96799999999999997  0.00094736842105263154
2  0.0  0.0
3  0.040000000000000001  0.00031578947368421053
4  0.57999999999999996  0.00031578947368421053
5  0.81399999999999995  0.0005263157894736842
6  0.81200000000000006  0.0005263157894736842
7  0.96999999999999997  0.0010526315789473684
8  0.92400000000000004  0.0010526315789473684
9  0.88  0.00084210526315789478
10  0.90200000000000002  0.0015789473684210526
2  0.64200000000000002  0.00042105263157894739
3  0.64400000000000002  0.0005263157894736842
4  0.67200000000000004  0.00031578947368421053
5  0.012  0.0002105263157894737
6  0.85399999999999998  0.0005263157894736842
7  0.998  0.00094736842105263154
8  0.96599999999999997  0.0012631578947368421
9  0.77200000000000002  0.0014736842105263158
10  0.90400000000000003  0.00084210526315789478
2  0.114  0.00031578947368421053
3  0.017999999999999999  0.00010526315789473685
4  0.016  0.00042105263157894739
5  0.83599999999999997  0.0002105263157894737
6  0.94799999999999995  0.00073684210526315792
7  0.14399999999999999  0.00084210526315789478
8  0.82399999999999995  0.0005263157894736842
9  0.98399999999999999  0.0010526315789473684
10  0.96799999999999997  0.0005263157894736842
2  0.02  0.00010526315789473685
3  0.01  0.0002105263157894737
4  0.02  0.00042105263157894739
5  0.050000000000000003  0.0
6  0.034000000000000002  0.00031578947368421053
7  0.99199999999999999  0.00073684210526315792
8  0.84599999999999997  0.0021052631578947368
9  0.078  0.00042105263157894739
10  0.96999999999999997  0.0016842105263157896
2  0.79200000000000004  0.00042105263157894739
3  0.106  0.00031578947368421053
4  0.36199999999999999  0.00063157894736842106
5  0.82599999999999996  0.00042105263157894739
6  0.86199999999999999  0.0010526315789473684
7  0.13800000000000001  0.0005263157894736842
8  0.39600000000000002  0.00073684210526315792
9  0.96799999999999997  0.0005263157894736842
10  0.98999999999999999  0.0012631578947368421
2  0.066000000000000003  0.00094736842105263154
3  0.0  0.00031578947368421053
4  0.032000000000000001  0.0002105263157894737
5  0.81799999999999995  0.00063157894736842106
6  0.95999999999999996  0.00063157894736842106
7  0.75800000000000001  0.00073684210526315792
8  0.81000000000000005  0.0010526315789473684
9  0.90800000000000003  0.0015789473684210526
10  0.34599999999999997  0.0014736842105263158
2  0.0040000000000000001  0.00031578947368421053
3  0.078  0.00042105263157894739
4  0.02  0.00010526315789473685
5  0.122  0.00042105263157894739
6  0.97799999999999998  0.00031578947368421053
7  0.99199999999999999  0.00094736842105263154
8  0.56000000000000005  0.0005263157894736842
9  0.81399999999999995  0.00042105263157894739
10  0.104  0.00042105263157894739
2  0.0  0.0
3  0.88  0.0005263157894736842
4  0.0080000000000000002  0.00063157894736842106
5  0.089999999999999997  0.0002105263157894737
6  0.106  0.00042105263157894739
7  0.85799999999999998  0.0011578947368421054
8  0.17399999999999999  0.00094736842105263154
9  0.98199999999999998  0.0016842105263157896
10  0.86799999999999999  0.0011578947368421054
2  0.01  0.00031578947368421053
3  0.20799999999999999  0.00073684210526315792
4  0.032000000000000001  0.0005263157894736842
5  0.021999999999999999  0.00010526315789473685
6  0.84799999999999998  0.00031578947368421053
7  0.128  0.0005263157894736842
8  0.99199999999999999  0.0011578947368421054
9  0.91600000000000004  0.00042105263157894739
10  0.33800000000000002  0.00073684210526315792
2  0.0  0.0
3  0.71199999999999997  0.0005263157894736842
4  0.874  0.00042105263157894739
5  0.46999999999999997  0.00073684210526315792
6  0.89000000000000001  0.00094736842105263154
7  0.93600000000000005  0.0002105263157894737
8  0.017999999999999999  0.0010526315789473684
9  0.95199999999999996  0.00042105263157894739
10  0.216  0.00063157894736842106
2  0.80200000000000005  0.00042105263157894739
3  0.85399999999999998  0.00042105263157894739
4  0.93999999999999995  0.00031578947368421053
5  0.20999999999999999  0.00073684210526315792
6  0.79000000000000004  0.00031578947368421053
7  0.073999999999999996  0.0011578947368421054
8  0.85799999999999998  0.00042105263157894739
9  0.97199999999999998  0.00084210526315789478
10  0.36599999999999999  0.0012631578947368421
2  0.80400000000000005  0.00031578947368421053
3  0.028000000000000001  0.0005263157894736842
4  0.44600000000000001  0.00031578947368421053
5  0.158  0.00031578947368421053
6  0.85199999999999998  0.00063157894736842106
7  0.64000000000000001  0.00042105263157894739
8  0.874  0.0011578947368421054
9  0.14799999999999999  0.0014736842105263158
10  0.050000000000000003  0.0011578947368421054
2  0.0  0.0
3  0.96399999999999997  0.00031578947368421053
4  0.83199999999999996  0.0005263157894736842
5  0.98999999999999999  0.00094736842105263154
6  0.96399999999999997  0.00063157894736842106
7  0.63400000000000001  0.0010526315789473684
8  0.97399999999999998  0.0005263157894736842
9  0.96999999999999997  0.0015789473684210526
10  0.192  0.0005263157894736842
2  0.58399999999999996  0.00031578947368421053
3  0.078  0.0005263157894736842
4  0.17000000000000001  0.00031578947368421053
5  0.996  0.00042105263157894739
6  0.96199999999999997  0.00010526315789473685
7  0.97599999999999998  0.0010526315789473684
8  0.96599999999999997  0.00031578947368421053
9  0.56799999999999995  0.00073684210526315792
10  0.85399999999999998  0.00073684210526315792
2  0.80800000000000005  0.00031578947368421053
3  0.84399999999999997  0.0002105263157894737
4  0.80800000000000005  0.00010526315789473685
5  0.83399999999999996  0.0005263157894736842
6  0.55400000000000005  0.0002105263157894737
7  0.54600000000000004  0.00084210526315789478
8  0.86399999999999999  0.0010526315789473684
9  0.92000000000000004  0.0018947368421052631
10  0.81399999999999995  0.00063157894736842106
2  0.622  0.0002105263157894737
3  0.024  0.0
4  0.82199999999999995  0.0002105263157894737
5  0.64400000000000002  0.00031578947368421053
6  0.83599999999999997  0.0005263157894736842
7  0.83599999999999997  0.0010526315789473684
8  0.95399999999999996  0.00094736842105263154
9  0.314  0.0005263157894736842
10  0.98199999999999998  0.0013684210526315789
2  0.087999999999999995  0.0005263157894736842
3  0.0060000000000000001  0.0
4  0.39600000000000002  0.0002105263157894737
5  0.82999999999999996  0.00042105263157894739
6  0.81399999999999995  0.0011578947368421054
7  0.81200000000000006  0.00084210526315789478
8  0.81599999999999995  0.00063157894736842106
9  0.90400000000000003  0.00073684210526315792
10  0.96599999999999997  0.0005263157894736842
2  0.02  0.0002105263157894737
3  0.082000000000000003  0.0005263157894736842
4  0.002  0.0002105263157894737
5  0.17399999999999999  0.0002105263157894737
6  0.95599999999999996  0.00063157894736842106
7  0.114  0.0002105263157894737
8  0.77000000000000002  0.0011578947368421054
9  0.86399999999999999  0.0005263157894736842
10  0.81399999999999995  0.00073684210526315792
2  0.0080000000000000002  0.00010526315789473685
3  0.0060000000000000001  0.0002105263157894737
4  0.79800000000000004  0.0005263157894736842
5  0.89400000000000002  0.00084210526315789478
6  0.42399999999999999  0.0012631578947368421
7  0.70599999999999996  0.00073684210526315792
8  0.64000000000000001  0.00094736842105263154
9  0.86599999999999999  0.00084210526315789478
10  0.82599999999999996  0.00063157894736842106
2  0.0040000000000000001  0.00010526315789473685
3  0.79400000000000004  0.00031578947368421053
4  0.44400000000000001  0.00084210526315789478
5  0.78400000000000003  0.0005263157894736842
6  0.82799999999999996  0.0002105263157894737
7  0.85399999999999998  0.0012631578947368421
8  0.83599999999999997  0.00084210526315789478
9  0.94999999999999996  0.0010526315789473684
10  0.83999999999999997  0.0011578947368421054
2  0.0  0.0
3  0.045999999999999999  0.00031578947368421053
4  0.056000000000000001  0.0002105263157894737
5  0.19  0.0002105263157894737
6  0.017999999999999999  0.0005263157894736842
7  0.214  0.0002105263157894737
8  0.83999999999999997  0.0010526315789473684
9  0.96199999999999997  0.00063157894736842106
10  0.028000000000000001  0.00031578947368421053
2  0.78600000000000003  0.00031578947368421053
3  0.0  0.0
4  0.025999999999999999  0.0
5  0.748  0.00063157894736842106
6  0.096000000000000002  0.00042105263157894739
7  0.97199999999999998  0.00063157894736842106
8  0.99399999999999999  0.0012631578947368421
9  0.88400000000000001  0.00073684210526315792
10  0.88  0.0011578947368421054
2  0.01  0.0
3  0.99399999999999999  0.00094736842105263154
4  0.96199999999999997  0.0002105263157894737
5  0.83199999999999996  0.00063157894736842106
6  0.23200000000000001  0.0002105263157894737
7  0.073999999999999996  0.0
8  0.81000000000000005  0.0014736842105263158
9  0.47599999999999998  0.00084210526315789478
10  0.0060000000000000001  0.00031578947368421053
2  0.28399999999999997  0.00010526315789473685
3  0.51000000000000001  0.00031578947368421053
4  0.96799999999999997  0.00042105263157894739
5  0.81200000000000006  0.00063157894736842106
6  0.96199999999999997  0.0010526315789473684
7  0.96799999999999997  0.00073684210526315792
8  0.017999999999999999  0.00042105263157894739
9  0.27800000000000002  0.00084210526315789478
10  0.070000000000000007  0.00094736842105263154
2  0.0  0.00042105263157894739
3  0.0060000000000000001  0.0002105263157894737
4  0.96999999999999997  0.00031578947368421053
5  0.96399999999999997  0.00042105263157894739
6  0.017999999999999999  0.0002105263157894737
7  0.96999999999999997  0.0011578947368421054
8  0.84999999999999998  0.0005263157894736842
9  1.0  0.0013684210526315789
10  0.84999999999999998  0.0013684210526315789
2  0.80800000000000005  0.00010526315789473685
3  0.070000000000000007  0.00031578947368421053
4  0.20000000000000001  0.00073684210526315792
5  0.032000000000000001  0.00031578947368421053
6  0.20200000000000001  0.00063157894736842106
7  0.84599999999999997  0.00063157894736842106
8  0.96399999999999997  0.00063157894736842106
9  0.95399999999999996  0.00094736842105263154
10  0.84999999999999998  0.0014736842105263158
2  0.0  0.00031578947368421053
3  0.070000000000000007  0.0
4  0.78200000000000003  0.0
5  0.88400000000000001  0.00073684210526315792
6  0.02  0.00031578947368421053
7  0.02  0.00010526315789473685
8  0.99199999999999999  0.00084210526315789478
9  0.41199999999999998  0.0013684210526315789
10  0.68600000000000005  0.00094736842105263154
2  0.002  0.0002105263157894737
3  0.0040000000000000001  0.0002105263157894737
4  0.11600000000000001  0.00063157894736842106
5  0.96399999999999997  0.0012631578947368421
6  0.25800000000000001  0.00073684210526315792
7  0.40999999999999998  0.00073684210526315792
8  0.068000000000000005  0.00010526315789473685
9  0.98999999999999999  0.0013684210526315789
10  0.94799999999999995  0.00084210526315789478
2  0.02  0.00010526315789473685
3  0.80200000000000005  0.00084210526315789478
4  0.0080000000000000002  0.00042105263157894739
5  0.062  0.00094736842105263154
6  0.996  0.00042105263157894739
7  0.95599999999999996  0.00073684210526315792
8  0.60599999999999998  0.0012631578947368421
9  0.96799999999999997  0.00094736842105263154
10  0.84599999999999997  0.00094736842105263154
2  0.25800000000000001  0.00063157894736842106
3  0.058000000000000003  0.00010526315789473685
4  0.81999999999999995  0.0002105263157894737
5  0.38400000000000001  0.0002105263157894737
6  0.0  0.0002105263157894737
7  0.77800000000000002  0.00073684210526315792
8  0.85399999999999998  0.0010526315789473684
9  0.11  0.0015789473684210526
10  0.98599999999999999  0.00073684210526315792
2  0.17999999999999999  0.00031578947368421053
3  0.79800000000000004  0.0002105263157894737
4  0.308  0.0005263157894736842
5  0.95599999999999996  0.00031578947368421053
6  0.504  0.0002105263157894737
7  0.81599999999999995  0.0005263157894736842
8  0.65600000000000003  0.0005263157894736842
9  0.98399999999999999  0.00084210526315789478
10  0.83999999999999997  0.00094736842105263154
2  0.012  0.00010526315789473685
3  0.184  0.0
4  0.88600000000000001  0.0005263157894736842
5  0.54000000000000004  0.0013684210526315789
6  0.68999999999999995  0.00042105263157894739
7  0.96599999999999997  0.0010526315789473684
8  0.98999999999999999  0.00094736842105263154
9  0.98799999999999999  0.0011578947368421054
10  1.0  0.00094736842105263154
2  0.0060000000000000001  0.0
3  0.79400000000000004  0.00031578947368421053
4  0.81999999999999995  0.0002105263157894737
5  0.84999999999999998  0.0
6  0.035999999999999997  0.00084210526315789478
7  0.99399999999999999  0.00042105263157894739
8  0.84199999999999997  0.00094736842105263154
9  0.80000000000000004  0.0005263157894736842
10  0.85999999999999999  0.00042105263157894739
2  0.78400000000000003  0.00010526315789473685
3  0.073999999999999996  0.00063157894736842106
4  0.071999999999999995  0.00031578947368421053
5  0.035999999999999997  0.00031578947368421053
6  0.84399999999999997  0.00094736842105263154
7  0.95399999999999996  0.0010526315789473684
8  0.95399999999999996  0.0012631578947368421
9  0.14799999999999999  0.0005263157894736842
10  0.85399999999999998  0.00084210526315789478
2  0.80600000000000005  0.0
3  0.82799999999999996  0.0002105263157894737
4  0.95999999999999996  0.00042105263157894739
5  0.062  0.00063157894736842106
6  0.622  0.0014736842105263158
7  0.314  0.00063157894736842106
8  0.86399999999999999  0.00084210526315789478
9  0.087999999999999995  0.0011578947368421054
10  0.996  0.00094736842105263154
2  0.29199999999999998  0.0002105263157894737
3  0.152  0.0005263157894736842
4  0.308  0.0002105263157894737
5  0.032000000000000001  0.00042105263157894739
6  0.22  0.00063157894736842106
7  0.94399999999999995  0.00063157894736842106
8  0.83999999999999997  0.0013684210526315789
9  0.54000000000000004  0.00073684210526315792
10  0.97799999999999998  0.00073684210526315792
2  0.81000000000000005  0.00010526315789473685
3  0.97799999999999998  0.00063157894736842106
4  0.58199999999999996  0.00073684210526315792
5  0.83999999999999997  0.00042105263157894739
6  0.97999999999999998  0.0015789473684210526
7  0.64000000000000001  0.00063157894736842106
8  0.97799999999999998  0.0013684210526315789
9  0.89400000000000002  0.0017894736842105263
10  0.95999999999999996  0.00073684210526315792
2  0.79000000000000004  0.00031578947368421053
3  0.0  0.0
4  0.82999999999999996  0.00063157894736842106
5  0.78600000000000003  0.00073684210526315792
6  0.02  0.00063157894736842106
7  0.72199999999999998  0.00073684210526315792
8  0.85599999999999998  0.0012631578947368421
9  0.97399999999999998  0.0016842105263157896
10  0.99199999999999999  0.00084210526315789478
2  0.002  0.0002105263157894737
3  0.41199999999999998  0.00010526315789473685
4  0.056000000000000001  0.00063157894736842106
5  0.58599999999999997  0.0002105263157894737
6  0.86799999999999999  0.00063157894736842106
7  0.89600000000000002  0.00094736842105263154
8  0.89000000000000001  0.00094736842105263154
9  0.23000000000000001  0.00031578947368421053
10  0.81599999999999995  0.0016842105263157896
2  0.0080000000000000002  0.00010526315789473685
3  0.016  0.0005263157894736842
4  0.16800000000000001  0.00063157894736842106
5  0.82999999999999996  0.00063157894736842106
6  0.0080000000000000002  0.00010526315789473685
7  0.82399999999999995  0.00084210526315789478
8  0.85999999999999999  0.00094736842105263154
9  0.82999999999999996  0.00084210526315789478
10  0.91000000000000003  0.0015789473684210526
2  0.014  0.0002105263157894737
3  0.0  0.0
4  0.86399999999999999  0.00031578947368421053
5  0.80200000000000005  0.00031578947368421053
6  0.82199999999999995  0.00084210526315789478
7  0.082000000000000003  0.00094736842105263154
8  0.84199999999999997  0.00084210526315789478
9  0.81599999999999995  0.0010526315789473684
10  0.83199999999999996  0.00084210526315789478
2  0.0  0.0
3  0.81000000000000005  0.0
4  0.93799999999999994  0.00031578947368421053
5  0.104  0.0
6  0.30399999999999999  0.0005263157894736842
7  0.79400000000000004  0.00084210526315789478
8  0.78600000000000003  0.00094736842105263154
9  0.96799999999999997  0.00063157894736842106
10  0.504  0.00010526315789473685
2  0.014  0.00010526315789473685
3  0.089999999999999997  0.0002105263157894737
4  0.59999999999999998  0.00031578947368421053
5  0.14000000000000001  0.00063157894736842106
6  0.152  0.0005263157894736842
7  0.99199999999999999  0.00073684210526315792
8  0.0080000000000000002  0.00031578947368421053
9  0.97399999999999998  0.0014736842105263158
10  0.998  0.0013684210526315789
2  0.014  0.0002105263157894737
3  0.65400000000000003  0.00031578947368421053
4  0.81799999999999995  0.0005263157894736842
5  0.82399999999999995  0.00084210526315789478
6  0.11600000000000001  0.00042105263157894739
7  0.96399999999999997  0.0012631578947368421
8  0.96999999999999997  0.00094736842105263154
9  0.62  0.0011578947368421054
10  0.97199999999999998  0.00042105263157894739
2  0.0060000000000000001  0.00010526315789473685
3  0.93200000000000005  0.0002105263157894737
4  0.82399999999999995  0.0005263157894736842
5  0.035999999999999997  0.00094736842105263154
6  0.97599999999999998  0.00063157894736842106
7  0.80000000000000004  0.00031578947368421053
8  0.61599999999999999  0.00063157894736842106
9  0.82599999999999996  0.0
10  0.96799999999999997  0.0014736842105263158
2  0.0040000000000000001  0.0002105263157894737
3  0.016  0.00010526315789473685
4  0.0040000000000000001  0.0002105263157894737
5  0.83199999999999996  0.00063157894736842106
6  0.051999999999999998  0.00073684210526315792
7  0.0060000000000000001  0.0002105263157894737
8  0.98999999999999999  0.0014736842105263158
9  0.108  0.0010526315789473684
10  0.84399999999999997  0.00084210526315789478
2  0.0040000000000000001  0.0002105263157894737
3  0.80400000000000005  0.00042105263157894739
4  0.059999999999999998  0.00073684210526315792
5  0.87  0.0011578947368421054
6  0.98799999999999999  0.00063157894736842106
7  0.95199999999999996  0.0012631578947368421
8  0.23999999999999999  0.00094736842105263154
9  0.81599999999999995  0.0005263157894736842
10  0.66200000000000003  0.00073684210526315792
2  0.0060000000000000001  0.00010526315789473685
3  0.82599999999999996  0.0
4  0.048000000000000001  0.0010526315789473684
5  0.014  0.00010526315789473685
6  0.032000000000000001  0.0002105263157894737
7  0.86599999999999999  0.0015789473684210526
8  0.872  0.0014736842105263158
9  0.876  0.0010526315789473684
10  0.874  0.00094736842105263154
2  0.80600000000000005  0.0
3  0.035999999999999997  0.00031578947368421053
4  0.071999999999999995  0.00010526315789473685
5  0.14799999999999999  0.00063157894736842106
6  0.97799999999999998  0.0013684210526315789
7  0.98399999999999999  0.0013684210526315789
8  0.318  0.00073684210526315792
9  0.94799999999999995  0.00073684210526315792
10  0.86799999999999999  0.0018947368421052631
2  0.082000000000000003  0.00042105263157894739
3  0.059999999999999998  0.0002105263157894737
4  0.012  0.0002105263157894737
5  0.39600000000000002  0.0005263157894736842
6  0.029999999999999999  0.0015789473684210526
7  0.95599999999999996  0.00063157894736842106
8  0.98999999999999999  0.0018947368421052631
9  0.79200000000000004  0.00063157894736842106
10  0.51400000000000001  0.00084210526315789478
2  0.0080000000000000002  0.00010526315789473685
3  0.502  0.00042105263157894739
4  0.037999999999999999  0.00042105263157894739
5  0.13  0.0013684210526315789
6  0.83399999999999996  0.00063157894736842106
7  0.85399999999999998  0.00042105263157894739
8  0.98399999999999999  0.00084210526315789478
9  0.96199999999999997  0.00084210526315789478
10  0.88200000000000001  0.0011578947368421054
2  0.84599999999999997  0.00031578947368421053
3  0.182  0.00010526315789473685
4  0.81399999999999995  0.0002105263157894737
5  0.83799999999999997  0.0005263157894736842
6  0.24199999999999999  0.0005263157894736842
7  0.20399999999999999  0.00094736842105263154
8  0.88800000000000001  0.00063157894736842106
9  0.30399999999999999  0.0005263157894736842
10  0.84399999999999997  0.0012631578947368421
2  0.0  0.0
3  0.82999999999999996  0.0
4  0.070000000000000007  0.00031578947368421053
5  0.024  0.0005263157894736842
6  0.99399999999999999  0.00073684210526315792
7  0.92800000000000005  0.0002105263157894737
8  0.96999999999999997  0.00031578947368421053
9  1.0  0.0014736842105263158
10  0.066000000000000003  0.00031578947368421053
2  0.378  0.00042105263157894739
3  0.025999999999999999  0.0002105263157894737
4  0.82199999999999995  0.00073684210526315792
5  0.059999999999999998  0.0005263157894736842
6  0.0040000000000000001  0.00010526315789473685
7  0.091999999999999998  0.0011578947368421054
8  0.98599999999999999  0.00073684210526315792
9  0.84399999999999997  0.0011578947368421054
10  0.98599999999999999  0.0010526315789473684
2  0.0  0.0
3  0.88200000000000001  0.00031578947368421053
4  0.01  0.00042105263157894739
5  0.436  0.0002105263157894737
6  0.90400000000000003  0.0005263157894736842
7  0.99399999999999999  0.00063157894736842106
8  0.83399999999999996  0.00073684210526315792
9  0.98799999999999999  0.0011578947368421054
10  0.83399999999999996  0.00073684210526315792
2  0.81000000000000005  0.00010526315789473685
3  0.82399999999999995  0.00063157894736842106
4  0.078  0.00042105263157894739
5  0.92800000000000005  0.0005263157894736842
6  0.96399999999999997  0.00042105263157894739
7  0.438  0.00063157894736842106
8  0.83999999999999997  0.00073684210526315792
9  0.81999999999999995  0.0010526315789473684
10  0.97799999999999998  0.0010526315789473684
2  0.0  0.0
3  0.70399999999999996  0.0002105263157894737
4  0.97399999999999998  0.00073684210526315792
5  0.25600000000000001  0.0005263157894736842
6  0.016  0.00063157894736842106
7  0.35999999999999999  0.00010526315789473685
8  0.746  0.00031578947368421053
9  0.188  0.00063157894736842106
10  0.90600000000000003  0.0015789473684210526
