2  0.019  0.00011111111111111112
3  0.65100000000000002  0.00022222222222222223
4  0.45100000000000001  0.00077777777777777773
5  0.01  0.0014444444444444444
6  0.91700000000000004  0.0012222222222222222
7  0.97999999999999998  0.0012222222222222222
8  0.97099999999999997  0.0013333333333333333
9  0.81699999999999995  0.00088888888888888893
10  0.89300000000000002  0.0017777777777777779
2  0.0  0.0
3  0.81899999999999995  0.00044444444444444447
4  0.81999999999999995  0.00044444444444444447
5  0.078  0.00055555555555555556
6  0.82399999999999995  0.0013333333333333333
7  0.26900000000000002  0.00077777777777777773
8  0.92800000000000005  0.0012222222222222222
9  0.98299999999999998  0.0022222222222222222
10  0.999  0.001
