0.2  1.0  0.0010526315789473684
0.4  1.0  0.010526315789473684
0.6  0.88  0.018947368421052633
0.8  0.93999999999999995  0.048421052631578948
1.0  1.0  0.065263157894736842
0.2  0.95999999999999996  0.0010526315789473684
0.4  1.0  0.011578947368421053
0.6  1.0  0.028421052631578948
0.8  0.95999999999999996  0.048421052631578948
1.0  0.92000000000000004  0.067368421052631577
0.2  0.95999999999999996  0.0
0.4  0.62  0.011578947368421053
0.6  0.97999999999999998  0.031578947368421054
0.8  0.97999999999999998  0.046315789473684213
1.0  0.81999999999999995  0.073684210526315783
0.2  0.78000000000000003  0.0010526315789473684
0.4  0.80000000000000004  0.005263157894736842
0.6  0.95999999999999996  0.028421052631578948
0.8  0.97999999999999998  0.046315789473684213
1.0  0.97999999999999998  0.077894736842105267
0.2  1.0  0.0010526315789473684
0.4  0.81999999999999995  0.010526315789473684
0.6  0.73999999999999999  0.018947368421052633
0.8  0.97999999999999998  0.048421052631578948
1.0  0.81999999999999995  0.073684210526315783
0.2  1.0  0.0
0.4  1.0  0.011578947368421053
0.6  0.88  0.028421052631578948
0.8  0.95999999999999996  0.056842105263157895
1.0  0.78000000000000003  0.068421052631578952
0.2  1.0  0.0
0.4  0.90000000000000002  0.0073684210526315788
0.6  0.46000000000000002  0.026315789473684209
0.8  0.62  0.043157894736842103
1.0  0.81999999999999995  0.059999999999999998
0.2  0.73999999999999999  0.0
0.4  1.0  0.01368421052631579
0.6  0.76000000000000001  0.033684210526315789
0.8  0.80000000000000004  0.041052631578947368
1.0  0.80000000000000004  0.06210526315789474
0.2  0.97999999999999998  0.0010526315789473684
0.4  0.83999999999999997  0.0094736842105263164
0.6  0.78000000000000003  0.017894736842105262
0.8  0.71999999999999997  0.057894736842105263
1.0  0.90000000000000002  0.061052631578947365
0.2  1.0  0.0021052631578947368
0.4  1.0  0.01368421052631579
0.6  0.83999999999999997  0.029473684210526315
0.8  0.95999999999999996  0.052631578947368418
1.0  1.0  0.076842105263157892
0.2  1.0  0.0010526315789473684
0.4  1.0  0.014736842105263158
0.6  0.95999999999999996  0.026315789473684209
0.8  0.80000000000000004  0.041052631578947368
1.0  0.68000000000000005  0.051578947368421051
0.2  1.0  0.0
0.4  1.0  0.011578947368421053
0.6  0.64000000000000001  0.017894736842105262
0.8  1.0  0.049473684210526316
1.0  0.78000000000000003  0.077894736842105267
0.2  1.0  0.0
0.4  1.0  0.0084210526315789472
0.6  0.69999999999999996  0.021052631578947368
0.8  0.92000000000000004  0.053684210526315793
1.0  0.97999999999999998  0.06210526315789474
0.2  1.0  0.0
0.4  0.92000000000000004  0.010526315789473684
0.6  0.97999999999999998  0.029473684210526315
0.8  0.95999999999999996  0.049473684210526316
1.0  0.83999999999999997  0.069473684210526312
0.2  0.44  0.0
0.4  0.95999999999999996  0.0073684210526315788
0.6  1.0  0.02736842105263158
0.8  1.0  0.053684210526315793
1.0  0.69999999999999996  0.049473684210526316
0.2  0.73999999999999999  0.0
0.4  1.0  0.005263157894736842
0.6  0.97999999999999998  0.02
0.8  0.93999999999999995  0.049473684210526316
1.0  0.90000000000000002  0.072631578947368422
0.2  0.93999999999999995  0.0010526315789473684
0.4  0.90000000000000002  0.011578947368421053
0.6  1.0  0.034736842105263156
0.8  0.93999999999999995  0.045263157894736845
1.0  0.93999999999999995  0.068421052631578952
0.2  1.0  0.0
0.4  0.52000000000000002  0.01368421052631579
0.6  0.97999999999999998  0.030526315789473683
0.8  1.0  0.04736842105263158
1.0  0.40000000000000002  0.055789473684210528
0.2  0.83999999999999997  0.0010526315789473684
0.4  0.97999999999999998  0.0063157894736842104
0.6  1.0  0.02736842105263158
0.8  1.0  0.053684210526315793
1.0  1.0  0.072631578947368422
0.2  0.97999999999999998  0.0010526315789473684
0.4  1.0  0.01368421052631579
0.6  0.93999999999999995  0.025263157894736842
0.8  0.92000000000000004  0.042105263157894736
1.0  0.93999999999999995  0.073684210526315783
0.2  0.93999999999999995  0.0
0.4  1.0  0.010526315789473684
0.6  0.88  0.028421052631578948
0.8  0.92000000000000004  0.069473684210526312
1.0  0.83999999999999997  0.082105263157894737
0.2  0.93999999999999995  0.0010526315789473684
0.4  1.0  0.014736842105263158
0.6  1.0  0.024210526315789474
0.8  0.90000000000000002  0.056842105263157895
1.0  0.85999999999999999  0.056842105263157895
0.2  1.0  0.0
0.4  0.93999999999999995  0.0094736842105263164
0.6  0.97999999999999998  0.029473684210526315
0.8  0.97999999999999998  0.045263157894736845
1.0  0.88  0.055789473684210528
0.2  1.0  0.0
0.4  1.0  0.0094736842105263164
0.6  1.0  0.028421052631578948
0.8  0.97999999999999998  0.05894736842105263
1.0  1.0  0.070526315789473687
0.2  1.0  0.0
0.4  0.97999999999999998  0.012631578947368421
0.6  0.97999999999999998  0.017894736842105262
0.8  1.0  0.048421052631578948
1.0  0.97999999999999998  0.082105263157894737
0.2  0.88  0.0
0.4  0.95999999999999996  0.0084210526315789472
0.6  0.97999999999999998  0.024210526315789474
0.8  0.76000000000000001  0.049473684210526316
1.0  1.0  0.066315789473684217
0.2  0.93999999999999995  0.0010526315789473684
0.4  0.90000000000000002  0.012631578947368421
0.6  1.0  0.025263157894736842
0.8  1.0  0.04736842105263158
1.0  0.71999999999999997  0.057894736842105263
0.2  1.0  0.0
0.4  0.85999999999999999  0.0094736842105263164
0.6  0.93999999999999995  0.026315789473684209
0.8  0.85999999999999999  0.036842105263157891
1.0  1.0  0.086315789473684207
0.2  0.88  0.0010526315789473684
0.4  0.93999999999999995  0.0063157894736842104
0.6  0.83999999999999997  0.024210526315789474
0.8  1.0  0.049473684210526316
1.0  0.73999999999999999  0.069473684210526312
0.2  1.0  0.0010526315789473684
0.4  1.0  0.0084210526315789472
0.6  0.90000000000000002  0.031578947368421054
0.8  1.0  0.041052631578947368
1.0  0.93999999999999995  0.069473684210526312
0.2  0.81999999999999995  0.0
0.4  0.88  0.011578947368421053
0.6  0.78000000000000003  0.018947368421052633
0.8  0.97999999999999998  0.050526315789473683
1.0  1.0  0.05894736842105263
0.2  1.0  0.0010526315789473684
0.4  0.83999999999999997  0.0084210526315789472
0.6  0.92000000000000004  0.028421052631578948
0.8  0.83999999999999997  0.042105263157894736
1.0  0.97999999999999998  0.068421052631578952
0.2  1.0  0.0
0.4  0.95999999999999996  0.012631578947368421
0.6  0.95999999999999996  0.033684210526315789
0.8  0.90000000000000002  0.041052631578947368
1.0  0.88  0.080000000000000002
0.2  0.83999999999999997  0.0010526315789473684
0.4  0.97999999999999998  0.0042105263157894736
0.6  0.97999999999999998  0.029473684210526315
0.8  1.0  0.036842105263157891
1.0  0.83999999999999997  0.072631578947368422
0.2  1.0  0.0010526315789473684
0.4  0.85999999999999999  0.0094736842105263164
0.6  1.0  0.038947368421052633
0.8  1.0  0.071578947368421048
1.0  0.83999999999999997  0.064210526315789468
0.2  0.83999999999999997  0.0
0.4  1.0  0.0063157894736842104
0.6  0.97999999999999998  0.02
0.8  0.95999999999999996  0.042105263157894736
1.0  0.93999999999999995  0.082105263157894737
0.2  0.88  0.0
0.4  1.0  0.010526315789473684
0.6  1.0  0.030526315789473683
0.8  0.83999999999999997  0.040000000000000001
1.0  1.0  0.06210526315789474
0.2  1.0  0.0
0.4  0.97999999999999998  0.0094736842105263164
0.6  0.78000000000000003  0.030526315789473683
0.8  0.97999999999999998  0.043157894736842103
1.0  1.0  0.05894736842105263
0.2  0.83999999999999997  0.0
0.4  1.0  0.010526315789473684
0.6  1.0  0.02736842105263158
0.8  0.95999999999999996  0.049473684210526316
1.0  0.81999999999999995  0.069473684210526312
0.2  0.80000000000000004  0.0
0.4  1.0  0.0094736842105263164
0.6  0.81999999999999995  0.029473684210526315
0.8  0.95999999999999996  0.049473684210526316
1.0  0.93999999999999995  0.073684210526315783
0.2  0.80000000000000004  0.0
0.4  1.0  0.0073684210526315788
0.6  0.92000000000000004  0.02
0.8  0.97999999999999998  0.049473684210526316
1.0  0.80000000000000004  0.055789473684210528
0.2  0.95999999999999996  0.0
0.4  0.76000000000000001  0.017894736842105262
0.6  0.88  0.02736842105263158
0.8  0.69999999999999996  0.044210526315789471
1.0  0.90000000000000002  0.071578947368421048
0.2  0.83999999999999997  0.0
0.4  0.66000000000000003  0.012631578947368421
0.6  0.95999999999999996  0.024210526315789474
0.8  0.93999999999999995  0.040000000000000001
1.0  1.0  0.075789473684210532
0.2  0.69999999999999996  0.0
0.4  1.0  0.0084210526315789472
0.6  0.80000000000000004  0.030526315789473683
0.8  0.80000000000000004  0.056842105263157895
1.0  1.0  0.067368421052631577
0.2  1.0  0.0
0.4  0.97999999999999998  0.0073684210526315788
0.6  0.59999999999999998  0.028421052631578948
0.8  0.90000000000000002  0.041052631578947368
1.0  0.80000000000000004  0.072631578947368422
0.2  0.88  0.0
0.4  0.93999999999999995  0.0094736842105263164
0.6  0.83999999999999997  0.028421052631578948
0.8  0.73999999999999999  0.042105263157894736
1.0  0.85999999999999999  0.074736842105263157
0.2  0.59999999999999998  0.0
0.4  0.95999999999999996  0.0073684210526315788
0.6  0.80000000000000004  0.033684210526315789
0.8  1.0  0.053684210526315793
1.0  0.95999999999999996  0.06210526315789474
0.2  0.80000000000000004  0.0010526315789473684
0.4  1.0  0.010526315789473684
0.6  0.97999999999999998  0.026315789473684209
0.8  0.80000000000000004  0.045263157894736845
1.0  0.85999999999999999  0.088421052631578942
0.2  0.93999999999999995  0.0
0.4  1.0  0.0094736842105263164
0.6  1.0  0.024210526315789474
0.8  0.93999999999999995  0.049473684210526316
1.0  0.93999999999999995  0.067368421052631577
0.2  1.0  0.0
0.4  0.83999999999999997  0.011578947368421053
0.6  0.95999999999999996  0.029473684210526315
0.8  0.95999999999999996  0.05894736842105263
1.0  0.93999999999999995  0.059999999999999998
0.2  0.73999999999999999  0.0
0.4  1.0  0.0073684210526315788
0.6  0.88  0.028421052631578948
0.8  0.97999999999999998  0.029473684210526315
1.0  0.88  0.064210526315789468
0.2  1.0  0.0010526315789473684
0.4  1.0  0.011578947368421053
0.6  0.92000000000000004  0.02736842105263158
0.8  0.88  0.056842105263157895
1.0  0.88  0.069473684210526312
0.2  1.0  0.0010526315789473684
0.4  0.97999999999999998  0.0073684210526315788
0.6  0.44  0.038947368421052633
0.8  0.93999999999999995  0.052631578947368418
1.0  0.88  0.066315789473684217
0.2  1.0  0.0
0.4  1.0  0.0084210526315789472
0.6  0.62  0.026315789473684209
0.8  0.62  0.036842105263157891
1.0  0.80000000000000004  0.077894736842105267
0.2  1.0  0.0010526315789473684
0.4  0.95999999999999996  0.010526315789473684
0.6  0.97999999999999998  0.029473684210526315
0.8  0.97999999999999998  0.063157894736842107
1.0  0.88  0.059999999999999998
0.2  1.0  0.0010526315789473684
0.4  0.83999999999999997  0.0073684210526315788
0.6  1.0  0.031578947368421054
0.8  0.93999999999999995  0.045263157894736845
1.0  0.78000000000000003  0.069473684210526312
0.2  0.85999999999999999  0.0
0.4  0.81999999999999995  0.016842105263157894
0.6  0.66000000000000003  0.023157894736842106
0.8  0.92000000000000004  0.064210526315789468
1.0  1.0  0.055789473684210528
0.2  0.92000000000000004  0.0
0.4  0.80000000000000004  0.005263157894736842
0.6  0.76000000000000001  0.02736842105263158
0.8  0.64000000000000001  0.036842105263157891
1.0  0.71999999999999997  0.067368421052631577
0.2  1.0  0.0
0.4  1.0  0.0073684210526315788
0.6  0.95999999999999996  0.022105263157894735
0.8  1.0  0.041052631578947368
1.0  0.93999999999999995  0.065263157894736842
0.2  1.0  0.0
0.4  0.73999999999999999  0.0073684210526315788
0.6  1.0  0.022105263157894735
0.8  0.71999999999999997  0.04736842105263158
1.0  0.93999999999999995  0.063157894736842107
0.2  1.0  0.0
0.4  1.0  0.0063157894736842104
0.6  0.81999999999999995  0.02736842105263158
0.8  0.93999999999999995  0.044210526315789471
1.0  0.80000000000000004  0.070526315789473687
0.2  0.95999999999999996  0.0
0.4  0.93999999999999995  0.012631578947368421
0.6  1.0  0.023157894736842106
0.8  0.81999999999999995  0.037894736842105266
1.0  0.97999999999999998  0.066315789473684217
0.2  0.97999999999999998  0.0
0.4  0.93999999999999995  0.015789473684210527
0.6  0.62  0.02736842105263158
0.8  0.56000000000000005  0.037894736842105266
1.0  0.78000000000000003  0.052631578947368418
0.2  1.0  0.0
0.4  0.97999999999999998  0.0084210526315789472
0.6  0.85999999999999999  0.026315789473684209
0.8  1.0  0.048421052631578948
1.0  1.0  0.074736842105263157
0.2  0.97999999999999998  0.0010526315789473684
0.4  0.83999999999999997  0.0073684210526315788
0.6  0.93999999999999995  0.024210526315789474
0.8  0.90000000000000002  0.040000000000000001
1.0  0.92000000000000004  0.072631578947368422
0.2  1.0  0.0
0.4  0.88  0.0073684210526315788
0.6  0.92000000000000004  0.030526315789473683
0.8  0.92000000000000004  0.038947368421052633
1.0  0.81999999999999995  0.076842105263157892
0.2  0.97999999999999998  0.0
0.4  0.71999999999999997  0.0073684210526315788
0.6  0.78000000000000003  0.023157894736842106
0.8  1.0  0.046315789473684213
1.0  0.88  0.065263157894736842
0.2  1.0  0.0021052631578947368
0.4  0.73999999999999999  0.012631578947368421
0.6  0.95999999999999996  0.026315789473684209
0.8  0.66000000000000003  0.056842105263157895
1.0  0.78000000000000003  0.05473684210526316
0.2  1.0  0.0
0.4  1.0  0.0063157894736842104
0.6  0.97999999999999998  0.022105263157894735
0.8  1.0  0.048421052631578948
1.0  0.81999999999999995  0.071578947368421048
0.2  1.0  0.0010526315789473684
0.4  1.0  0.010526315789473684
0.6  0.68000000000000005  0.029473684210526315
0.8  0.80000000000000004  0.044210526315789471
1.0  0.92000000000000004  0.069473684210526312
0.2  0.97999999999999998  0.0
0.4  1.0  0.0063157894736842104
0.6  0.83999999999999997  0.02
0.8  0.66000000000000003  0.052631578947368418
1.0  0.62  0.069473684210526312
0.2  1.0  0.0
0.4  0.95999999999999996  0.012631578947368421
0.6  1.0  0.035789473684210524
0.8  0.66000000000000003  0.046315789473684213
1.0  0.73999999999999999  0.071578947368421048
0.2  1.0  0.0
0.4  1.0  0.014736842105263158
0.6  1.0  0.02736842105263158
0.8  0.93999999999999995  0.044210526315789471
1.0  0.85999999999999999  0.075789473684210532
0.2  0.85999999999999999  0.0010526315789473684
0.4  0.93999999999999995  0.0063157894736842104
0.6  1.0  0.018947368421052633
0.8  0.92000000000000004  0.043157894736842103
1.0  0.76000000000000001  0.066315789473684217
0.2  1.0  0.0
0.4  0.92000000000000004  0.01368421052631579
0.6  1.0  0.023157894736842106
0.8  0.81999999999999995  0.049473684210526316
1.0  0.88  0.083157894736842111
0.2  1.0  0.0
0.4  1.0  0.0084210526315789472
0.6  1.0  0.022105263157894735
0.8  0.78000000000000003  0.035789473684210524
1.0  0.69999999999999996  0.05473684210526316
0.2  1.0  0.0
0.4  0.92000000000000004  0.0094736842105263164
0.6  1.0  0.031578947368421054
0.8  0.90000000000000002  0.037894736842105266
1.0  1.0  0.068421052631578952
0.2  0.97999999999999998  0.0010526315789473684
0.4  0.92000000000000004  0.010526315789473684
0.6  1.0  0.026315789473684209
0.8  0.97999999999999998  0.052631578947368418
1.0  0.95999999999999996  0.075789473684210532
0.2  0.92000000000000004  0.0
0.4  0.88  0.0084210526315789472
0.6  0.88  0.029473684210526315
0.8  0.83999999999999997  0.052631578947368418
1.0  0.93999999999999995  0.077894736842105267
0.2  0.83999999999999997  0.0
0.4  0.62  0.0063157894736842104
0.6  0.95999999999999996  0.02736842105263158
0.8  0.95999999999999996  0.056842105263157895
1.0  0.95999999999999996  0.065263157894736842
0.2  1.0  0.0010526315789473684
0.4  0.95999999999999996  0.0094736842105263164
0.6  1.0  0.031578947368421054
0.8  0.80000000000000004  0.05473684210526316
1.0  0.88  0.061052631578947365
0.2  1.0  0.0010526315789473684
0.4  0.59999999999999998  0.0042105263157894736
0.6  1.0  0.029473684210526315
0.8  0.71999999999999997  0.055789473684210528
1.0  1.0  0.078947368421052627
0.2  0.85999999999999999  0.0021052631578947368
0.4  0.97999999999999998  0.0084210526315789472
0.6  0.95999999999999996  0.031578947368421054
0.8  0.92000000000000004  0.037894736842105266
1.0  1.0  0.077894736842105267
0.2  1.0  0.0
0.4  1.0  0.0063157894736842104
0.6  0.83999999999999997  0.031578947368421054
0.8  0.54000000000000004  0.044210526315789471
1.0  0.76000000000000001  0.064210526315789468
0.2  1.0  0.0
0.4  0.93999999999999995  0.0084210526315789472
0.6  0.85999999999999999  0.031578947368421054
0.8  1.0  0.050526315789473683
1.0  0.95999999999999996  0.065263157894736842
0.2  0.93999999999999995  0.0
0.4  0.95999999999999996  0.0094736842105263164
0.6  1.0  0.035789473684210524
0.8  0.92000000000000004  0.034736842105263156
1.0  1.0  0.055789473684210528
0.2  1.0  0.0010526315789473684
0.4  0.73999999999999999  0.0094736842105263164
0.6  0.90000000000000002  0.022105263157894735
0.8  0.56000000000000005  0.05473684210526316
1.0  0.97999999999999998  0.068421052631578952
0.2  1.0  0.0010526315789473684
0.4  0.93999999999999995  0.01368421052631579
0.6  0.90000000000000002  0.018947368421052633
0.8  0.95999999999999996  0.044210526315789471
1.0  0.90000000000000002  0.065263157894736842
0.2  1.0  0.0
0.4  0.54000000000000004  0.0031578947368421052
0.6  0.95999999999999996  0.033684210526315789
0.8  0.71999999999999997  0.05894736842105263
1.0  0.97999999999999998  0.078947368421052627
0.2  1.0  0.0
0.4  0.88  0.0073684210526315788
0.6  0.81999999999999995  0.02
0.8  0.93999999999999995  0.040000000000000001
1.0  0.71999999999999997  0.056842105263157895
0.2  1.0  0.0
0.4  1.0  0.010526315789473684
0.6  1.0  0.025263157894736842
0.8  0.95999999999999996  0.052631578947368418
1.0  0.92000000000000004  0.067368421052631577
0.2  0.97999999999999998  0.0
0.4  0.95999999999999996  0.0094736842105263164
0.6  0.97999999999999998  0.028421052631578948
0.8  1.0  0.045263157894736845
1.0  0.97999999999999998  0.067368421052631577
0.2  0.95999999999999996  0.0
0.4  0.95999999999999996  0.0084210526315789472
0.6  0.78000000000000003  0.02736842105263158
0.8  0.71999999999999997  0.042105263157894736
1.0  0.71999999999999997  0.067368421052631577
0.2  1.0  0.0
0.4  0.95999999999999996  0.0073684210526315788
0.6  0.73999999999999999  0.030526315789473683
0.8  0.90000000000000002  0.040000000000000001
1.0  0.95999999999999996  0.064210526315789468
0.2  0.88  0.0010526315789473684
0.4  1.0  0.01368421052631579
0.6  0.80000000000000004  0.025263157894736842
0.8  0.92000000000000004  0.050526315789473683
1.0  0.90000000000000002  0.059999999999999998
0.2  1.0  0.0
0.4  0.88  0.0094736842105263164
0.6  0.73999999999999999  0.032631578947368421
0.8  0.88  0.043157894736842103
1.0  0.97999999999999998  0.057894736842105263
0.2  0.81999999999999995  0.0
0.4  0.93999999999999995  0.0094736842105263164
0.6  0.90000000000000002  0.037894736842105266
0.8  0.83999999999999997  0.044210526315789471
1.0  0.97999999999999998  0.071578947368421048
0.2  1.0  0.0
0.4  0.95999999999999996  0.017894736842105262
0.6  0.64000000000000001  0.024210526315789474
0.8  0.76000000000000001  0.071578947368421048
1.0  0.90000000000000002  0.068421052631578952
0.2  1.0  0.0
0.4  0.83999999999999997  0.0094736842105263164
0.6  0.97999999999999998  0.029473684210526315
0.8  1.0  0.05894736842105263
1.0  0.71999999999999997  0.059999999999999998
0.2  1.0  0.0
0.4  0.92000000000000004  0.0042105263157894736
0.6  0.95999999999999996  0.02736842105263158
0.8  0.85999999999999999  0.046315789473684213
1.0  0.66000000000000003  0.069473684210526312
