1  0.78000000000000003  0.094736842105263161
2  0.46000000000000002  0.095789473684210522
3  1.0  0.096842105263157896
4  0.93999999999999995  0.091578947368421051
5  1.0  0.11578947368421053
6  0.57999999999999996  0.089473684210526316
7  1.0  0.10947368421052632
8  1.0  0.088421052631578942
9  1.0  0.10736842105263159
10  1.0  0.10421052631578948
1  0.34000000000000002  0.094736842105263161
2  0.73999999999999999  0.093684210526315786
3  1.0  0.11157894736842106
4  0.80000000000000004  0.10210526315789474
5  1.0  0.10105263157894737
6  1.0  0.093684210526315786
7  1.0  0.080000000000000002
8  1.0  0.094736842105263161
9  1.0  0.12736842105263158
10  1.0  0.087368421052631581
