2  0.0  0.0
3  0.0  0.0
4  0.0  0.0
5  0.0  0.0
6  0.0  0.0
2  0.0  0.0
3  0.0  0.0
4  0.0  0.0
5  1.0  0.0
6  0.0  0.0
2  0.0  0.0
3  0.88600000000000001  0.0
4  0.0  0.0
5  0.0  0.0
6  0.0  0.0
2  0.0  0.0
3  0.0  0.0
4  0.0  0.0
5  0.0  0.0
6  0.0  0.0
2  0.12  0.0
3  0.0  0.0
4  1.0  0.0
5  0.0  0.0
6  0.0  0.0
2  0.0  0.0
3  0.0  0.0
4  0.0  0.0
5  0.90000000000000002  0.0
6  0.0  0.0
2  0.0  0.0
3  0.0  0.0
4  0.0  0.0
5  0.0  0.0
6  0.0  0.0
2  0.0  0.0
3  0.0  0.0
4  0.74199999999999999  0.0
5  0.0  0.0
6  0.0  0.0
2  0.0  0.0
3  0.0  0.0
4  0.0  0.0
5  0.0  0.0
6  0.0  0.0
2  0.0  0.0
3  0.0  0.0
4  0.0  0.0
5  0.0  0.0
6  0.0  0.0
2  0.0  0.0
3  0.0  0.0
4  0.0  0.0
5  0.0  0.0
6  0.0  0.0
2  0.0  0.0
3  0.0  0.0
4  0.29199999999999998  0.0
5  0.0  0.0
6  0.0  0.0
2  0.0  0.0
3  0.0  0.0
4  0.374  0.0
5  0.12  0.0
6  1.0  0.0
2  0.0  0.0
3  1.0  0.0
4  0.89600000000000002  0.0
5  0.0  0.0
6  0.97599999999999998  0.0
2  0.0  0.0
3  0.0  0.0
4  0.0  0.0
5  0.0  0.0
6  0.0  0.0
2  0.0  0.0
3  0.0  0.0
4  0.0  0.0
5  0.0  0.0
6  1.0  0.0
2  0.0  0.0
3  0.0  0.0
4  0.0  0.0
5  1.0  0.0
6  0.0  0.0
2  0.89200000000000002  0.0
3  0.0  0.0
4  0.0  0.0
5  0.0  0.0
6  0.0  0.0
2  0.0  0.0
3  0.0  0.0
4  0.0  0.0
5  0.0  0.0
6  0.0  0.0
2  0.0  0.0
3  0.0  0.0
4  0.0  0.0
5  0.0  0.0
6  0.0  0.0
2  0.0  0.0
3  0.0  0.0
4  0.0  0.0
5  0.998  0.0
6  0.622  0.0
2  0.0  0.0
3  0.0  0.0
4  0.0  0.0
5  0.0  0.0
6  0.01  0.0
2  0.0  0.0
3  1.0  0.0
4  0.0  0.0
5  0.0  0.0
6  0.0  0.0
2  0.0  0.0
3  0.0  0.0
4  0.26400000000000001  0.0
5  0.0  0.0
6  0.0  0.0
2  0.0  0.0
3  0.0  0.0
4  0.028000000000000001  0.0
5  0.0  0.0
6  0.83199999999999996  0.0
2  0.0  0.0
3  0.0  0.0
4  0.0  0.0
5  0.0  0.0
6  0.0  0.0
2  0.0  0.0
3  0.0  0.0
4  1.0  0.0
5  0.0  0.0
6  0.0  0.0
2  1.0  0.0
3  0.0  0.0
4  0.0  0.0
5  0.0  0.0
6  0.0  0.0
2  0.0  0.0
3  0.0  0.0
4  0.0  0.0
5  0.056000000000000001  0.0
6  0.002  0.0
2  0.0  0.0
3  0.0  0.0
4  0.0  0.0
5  0.0  0.0
6  0.014  0.0
2  0.0  0.0
3  0.0  0.0
4  0.0  0.0
5  0.57999999999999996  0.0
6  0.0  0.0
2  0.0  0.0
3  0.0  0.0
4  0.0  0.0
5  0.0  0.0
6  0.0  0.0
2  0.0  0.0
3  0.0  0.0
4  0.17599999999999999  0.0
5  0.0  0.0
6  0.0  0.0
2  0.0  0.0
3  0.0  0.0
4  0.73599999999999999  0.0
5  0.0  0.0
6  0.0  0.0
2  0.0  0.0
3  0.0  0.0
4  0.002  0.0
5  1.0  0.0
6  0.0  0.0
2  0.0  0.0
3  0.0  0.0
4  0.0  0.0
5  0.0  0.0
6  0.96799999999999997  0.0
2  0.0  0.0
3  1.0  0.0
4  0.89800000000000002  0.0
5  0.0  0.0
6  0.0  0.0
2  0.0  0.0
3  1.0  0.0
4  0.0  0.0
5  0.97599999999999998  0.0
6  0.41999999999999998  0.0
2  0.0  0.0
3  0.0  0.0
4  0.0  0.0
5  0.024  0.0
6  0.0  0.0
2  0.0  0.0
3  0.0  0.0
4  0.0  0.0
5  0.0  0.0
6  0.0  0.0
2  0.0  0.0
3  0.0  0.0
4  0.024  0.0
5  0.0  0.0
6  0.0  0.0
2  0.0  0.0
3  0.0  0.0
4  0.0  0.0
5  0.0  0.0
6  0.091999999999999998  0.0
2  0.0  0.0
3  0.0  0.0
4  0.0  0.0
5  0.0  0.0
6  0.002  0.0
2  0.0  0.0
3  1.0  0.0
4  0.0  0.0
5  0.0  0.0
6  0.0  0.0
2  0.0  0.0
3  0.0  0.0
4  0.0  0.0
5  1.0  0.0
6  0.0  0.0
2  0.0  0.0
3  0.0  0.0
4  0.0  0.0
5  0.91600000000000004  0.0
6  1.0  0.0
2  0.0  0.0
3  0.0  0.0
4  0.0  0.0
5  0.0  0.0
6  0.0  0.0
2  0.0  0.0
3  0.0  0.0
4  0.0  0.0
5  0.0  0.0
6  0.0  0.0
2  0.0  0.0
3  1.0  0.0
4  0.0  0.0
5  1.0  0.0
6  0.0  0.0
2  0.0  0.0
3  0.11  0.0
4  0.0  0.0
5  0.0  0.0
6  1.0  0.0
2  0.0  0.0
3  0.0  0.0
4  0.0  0.0
5  0.0  0.0
6  0.0040000000000000001  0.0
2  0.0  0.0
3  0.0  0.0
4  1.0  0.0
5  0.0  0.0
6  0.0  0.0
2  0.0  0.0
3  1.0  0.0
4  0.0  0.0
5  0.0  0.0
6  0.0  0.0
2  0.0  0.0
3  0.0  0.0
4  0.46600000000000003  0.0
5  0.0  0.0
6  0.84999999999999998  0.0
2  0.0  0.0
3  0.0  0.0
4  0.0  0.0
5  0.0  0.0
6  0.82599999999999996  0.0
2  0.0  0.0
3  0.0  0.0
4  0.0  0.0
5  0.0  0.0
6  0.0  0.0
2  0.0  0.0
3  0.0  0.0
4  0.0  0.0
5  0.0  0.0
6  0.0  0.0
2  0.0  0.0
3  0.0  0.0
4  0.0  0.0
5  0.0  0.0
6  0.0  0.0
2  0.0  0.0
3  0.0060000000000000001  0.0
4  0.0  0.0
5  0.0  0.0
6  0.0  0.0
2  0.0  0.0
3  0.0  0.0
4  0.0  0.0
5  0.0  0.0
6  0.0  0.0
2  0.0  0.0
3  0.0  0.0
4  0.0  0.0
5  0.0  0.0
6  0.0  0.0
2  0.0  0.0
3  0.0  0.0
4  0.0  0.0
5  0.0  0.0
6  0.0060000000000000001  0.0
2  0.062  0.0
3  0.0  0.0
4  0.0  0.0
5  0.0  0.0
6  0.0  0.0
2  0.0  0.0
3  0.0  0.0
4  0.112  0.0
5  0.84599999999999997  0.0
6  0.0  0.0
2  1.0  0.0
3  0.0  0.0
4  0.0  0.0
5  0.0  0.0
6  0.62  0.0
2  0.0  0.0
3  0.0  0.0
4  0.0  0.0
5  0.0  0.0
6  0.0  0.0
2  0.0  0.0
3  0.0  0.0
4  0.0  0.0
5  0.0  0.0
6  0.0  0.0
2  0.0  0.0
3  0.0  0.0
4  0.0  0.0
5  0.0  0.0
6  0.0  0.0
2  0.0  0.0
3  1.0  0.0
4  0.0  0.0
5  0.0  0.0
6  0.0  0.0
2  0.0  0.0
3  0.0  0.0
4  0.0  0.0
5  0.85399999999999998  0.0
6  0.0040000000000000001  0.0
2  0.0  0.0
3  0.0  0.0
4  0.0  0.0
5  0.0  0.0
6  1.0  0.0
2  0.0  0.0
3  0.0  0.0
4  0.0  0.0
5  0.0  0.0
6  0.0  0.0
2  0.0  0.0
3  0.0  0.0
4  0.0  0.0
5  0.0  0.0
6  0.0  0.0
2  0.0  0.0
3  0.0  0.0
4  0.94199999999999995  0.0
5  0.63400000000000001  0.0
6  0.95399999999999996  0.0
2  0.0  0.0
3  0.0  0.0
4  0.0040000000000000001  0.0
5  0.0  0.0
6  0.998  0.0
2  0.0  0.0
3  0.0  0.0
4  0.0  0.0
5  0.0  0.0
6  0.0  0.0
2  0.996  0.0
3  0.0  0.0
4  0.0  0.0
5  1.0  0.0
6  0.0  0.0
2  0.0  0.0
3  0.0  0.0
4  0.0  0.0
5  0.0  0.0
6  0.0  0.0
2  0.0  0.0
3  0.0  0.0
4  0.073999999999999996  0.0
5  0.0  0.0
6  0.0  0.0
2  0.0040000000000000001  0.0
3  0.0  0.0
4  0.0  0.0
5  1.0  0.0
6  0.0  0.0
2  0.062  0.0
3  0.0  0.0
4  0.81200000000000006  0.0
5  0.16  0.0
6  0.0  0.0
2  0.0  0.0
3  0.0  0.0
4  0.0  0.0
5  0.0  0.0
6  0.0  0.0
2  0.0  0.0
3  0.0  0.0
4  0.0  0.0
5  0.0  0.0
6  0.0  0.0
2  0.0  0.0
3  0.0  0.0
4  0.0  0.0
5  0.0  0.0
6  0.0  0.0
2  0.0  0.0
3  0.0  0.0
4  0.0  0.0
5  0.0  0.0
6  0.0  0.0
2  0.0  0.0
3  0.0  0.0
4  0.0  0.0
5  0.0  0.0
6  0.0  0.0
2  0.0  0.0
3  0.0  0.0
4  0.752  0.0
5  0.0  0.0
6  0.0  0.0
2  0.0  0.0
3  0.0  0.0
4  0.0  0.0
5  0.0  0.0
6  0.0  0.0
2  0.0  0.0
3  0.0  0.0
4  0.0  0.0
5  0.0  0.0
6  0.0  0.0
2  0.0  0.0
3  0.0  0.0
4  0.0  0.0
5  0.748  0.0
6  0.0  0.0
2  0.002  0.0
3  0.0  0.0
4  0.0  0.0
5  0.0  0.0
6  0.0040000000000000001  0.0
2  0.0  0.0
3  0.188  0.0
4  0.0  0.0
5  0.0  0.0
6  1.0  0.0
2  0.0  0.0
3  0.29599999999999999  0.0
4  0.0  0.0
5  0.0  0.0
6  0.0  0.0
2  0.0  0.0
3  0.094  0.0
4  0.0  0.0
5  0.0  0.0
6  1.0  0.0
2  0.0  0.0
3  0.0  0.0
4  0.0  0.0
5  0.0  0.0
6  0.01  0.0
2  0.0  0.0
3  0.0  0.0
4  0.0  0.0
5  1.0  0.0
6  0.104  0.0
2  0.0  0.0
3  0.0  0.0
4  0.0040000000000000001  0.0
5  0.0  0.0
6  0.0  0.0
2  0.0  0.0
3  0.0  0.0
4  0.0  0.0
5  0.0  0.0
6  0.0  0.0
2  0.0  0.0
3  0.0  0.0
4  0.0  0.0
5  0.0  0.0
6  0.0  0.0
2  0.0  0.0
3  0.0  0.0
4  0.0  0.0
5  0.0  0.0
6  0.0  0.0
