1  0.54000000000000004  0.16
2  1.0  0.28000000000000003
3  0.90000000000000002  0.05894736842105263
4  0.92000000000000004  0.12526315789473685
5  1.0  0.026315789473684209
6  1.0  0.055789473684210528
7  0.81999999999999995  0.014736842105263158
8  1.0  0.015789473684210527
9  0.92000000000000004  0.0063157894736842104
10  1.0  0.01368421052631579
1  0.56000000000000005  0.14842105263157895
2  0.92000000000000004  0.29052631578947369
3  0.78000000000000003  0.051578947368421051
4  0.95999999999999996  0.094736842105263161
5  1.0  0.021052631578947368
6  1.0  0.040000000000000001
7  0.83999999999999997  0.016842105263157894
8  1.0  0.024210526315789474
9  0.93999999999999995  0.0021052631578947368
10  1.0  0.005263157894736842
1  0.80000000000000004  0.14947368421052631
2  0.90000000000000002  0.28421052631578947
3  0.95999999999999996  0.055789473684210528
4  0.95999999999999996  0.11368421052631579
5  0.80000000000000004  0.02
6  0.97999999999999998  0.041052631578947368
7  0.92000000000000004  0.018947368421052633
8  0.97999999999999998  0.012631578947368421
9  1.0  0.0063157894736842104
10  1.0  0.012631578947368421
1  0.29999999999999999  0.15368421052631578
2  1.0  0.30421052631578949
3  1.0  0.055789473684210528
4  1.0  0.11473684210526315
5  0.88  0.025263157894736842
6  0.90000000000000002  0.043157894736842103
7  0.80000000000000004  0.012631578947368421
8  1.0  0.01368421052631579
9  1.0  0.0084210526315789472
10  0.78000000000000003  0.0094736842105263164
1  0.64000000000000001  0.1463157894736842
2  0.69999999999999996  0.28631578947368419
3  0.66000000000000003  0.068421052631578952
4  0.85999999999999999  0.11263157894736842
5  1.0  0.023157894736842106
6  0.88  0.05473684210526316
7  1.0  0.01368421052631579
8  1.0  0.02736842105263158
9  1.0  0.0042105263157894736
10  1.0  0.010526315789473684
1  0.97999999999999998  0.1463157894736842
2  0.76000000000000001  0.27684210526315789
3  1.0  0.061052631578947365
4  0.95999999999999996  0.11789473684210526
5  0.81999999999999995  0.014736842105263158
6  1.0  0.043157894736842103
7  1.0  0.0073684210526315788
8  0.95999999999999996  0.025263157894736842
9  0.95999999999999996  0.0031578947368421052
10  1.0  0.010526315789473684
1  1.0  0.1431578947368421
2  0.97999999999999998  0.28105263157894739
3  0.78000000000000003  0.057894736842105263
4  1.0  0.10421052631578948
5  1.0  0.029473684210526315
6  0.97999999999999998  0.049473684210526316
7  0.85999999999999999  0.0094736842105263164
8  0.93999999999999995  0.021052631578947368
9  1.0  0.0042105263157894736
10  1.0  0.0031578947368421052
1  0.92000000000000004  0.15684210526315789
2  1.0  0.30210526315789471
3  0.85999999999999999  0.052631578947368418
4  0.97999999999999998  0.095789473684210522
5  0.92000000000000004  0.028421052631578948
6  0.85999999999999999  0.044210526315789471
7  1.0  0.015789473684210527
8  1.0  0.012631578947368421
9  1.0  0.0063157894736842104
10  1.0  0.02
1  0.62  0.15052631578947367
2  1.0  0.29263157894736841
3  0.73999999999999999  0.049473684210526316
4  1.0  0.096842105263157896
5  0.69999999999999996  0.023157894736842106
6  1.0  0.050526315789473683
7  0.83999999999999997  0.0094736842105263164
8  0.95999999999999996  0.023157894736842106
9  0.90000000000000002  0.0021052631578947368
10  1.0  0.012631578947368421
1  0.85999999999999999  0.12631578947368421
2  0.76000000000000001  0.27368421052631581
3  1.0  0.053684210526315793
4  1.0  0.10631578947368421
5  1.0  0.025263157894736842
6  0.95999999999999996  0.043157894736842103
7  0.97999999999999998  0.0073684210526315788
8  1.0  0.016842105263157894
9  0.93999999999999995  0.005263157894736842
10  0.95999999999999996  0.0073684210526315788
1  0.93999999999999995  0.17263157894736841
2  1.0  0.28631578947368419
3  0.71999999999999997  0.077894736842105267
4  0.95999999999999996  0.13052631578947368
5  0.92000000000000004  0.035789473684210524
6  0.93999999999999995  0.04736842105263158
7  0.95999999999999996  0.0063157894736842104
8  0.97999999999999998  0.022105263157894735
9  1.0  0.0031578947368421052
10  1.0  0.0073684210526315788
1  0.46000000000000002  0.14421052631578948
2  1.0  0.27052631578947367
3  0.85999999999999999  0.046315789473684213
4  0.92000000000000004  0.10842105263157895
5  0.97999999999999998  0.032631578947368421
6  0.92000000000000004  0.043157894736842103
7  1.0  0.021052631578947368
8  0.95999999999999996  0.016842105263157894
9  1.0  0.0073684210526315788
10  0.97999999999999998  0.01368421052631579
1  0.97999999999999998  0.16315789473684211
2  0.92000000000000004  0.26526315789473687
3  0.68000000000000005  0.071578947368421048
4  0.80000000000000004  0.092631578947368426
5  0.97999999999999998  0.026315789473684209
6  0.95999999999999996  0.04736842105263158
7  1.0  0.015789473684210527
8  1.0  0.022105263157894735
9  1.0  0.0063157894736842104
10  1.0  0.0084210526315789472
1  0.56000000000000005  0.14105263157894737
2  1.0  0.27473684210526317
3  0.97999999999999998  0.049473684210526316
4  0.93999999999999995  0.11894736842105263
5  1.0  0.025263157894736842
6  0.92000000000000004  0.052631578947368418
7  0.90000000000000002  0.011578947368421053
8  1.0  0.02736842105263158
9  0.95999999999999996  0.0063157894736842104
10  1.0  0.016842105263157894
1  0.59999999999999998  0.13368421052631579
2  0.85999999999999999  0.29684210526315791
3  1.0  0.061052631578947365
4  0.88  0.11368421052631579
5  0.97999999999999998  0.023157894736842106
6  0.97999999999999998  0.06210526315789474
7  0.93999999999999995  0.012631578947368421
8  0.93999999999999995  0.021052631578947368
9  1.0  0.005263157894736842
10  1.0  0.0073684210526315788
1  0.59999999999999998  0.14421052631578948
2  0.71999999999999997  0.29473684210526313
3  0.80000000000000004  0.05473684210526316
4  1.0  0.11789473684210526
5  0.73999999999999999  0.026315789473684209
6  1.0  0.042105263157894736
7  0.97999999999999998  0.021052631578947368
8  0.97999999999999998  0.02736842105263158
9  1.0  0.0031578947368421052
10  1.0  0.012631578947368421
1  0.38  0.16842105263157894
2  1.0  0.28210526315789475
3  0.71999999999999997  0.044210526315789471
4  1.0  0.11052631578947368
5  0.85999999999999999  0.024210526315789474
6  0.93999999999999995  0.055789473684210528
7  0.97999999999999998  0.010526315789473684
8  1.0  0.026315789473684209
9  1.0  0.0010526315789473684
10  0.88  0.010526315789473684
1  0.85999999999999999  0.14842105263157895
2  0.71999999999999997  0.26210526315789473
3  0.95999999999999996  0.063157894736842107
4  0.97999999999999998  0.10631578947368421
5  0.88  0.02736842105263158
6  1.0  0.037894736842105266
7  0.83999999999999997  0.01368421052631579
8  0.97999999999999998  0.014736842105263158
9  0.95999999999999996  0.0084210526315789472
10  0.97999999999999998  0.010526315789473684
1  0.83999999999999997  0.14842105263157895
2  1.0  0.27578947368421053
3  0.97999999999999998  0.04736842105263158
4  1.0  0.11473684210526315
5  0.95999999999999996  0.032631578947368421
6  0.97999999999999998  0.041052631578947368
7  0.97999999999999998  0.017894736842105262
8  1.0  0.029473684210526315
9  1.0  0.0031578947368421052
10  1.0  0.0084210526315789472
1  1.0  0.15789473684210525
2  0.73999999999999999  0.30421052631578949
3  0.80000000000000004  0.080000000000000002
4  0.97999999999999998  0.093684210526315786
5  1.0  0.025263157894736842
6  0.97999999999999998  0.057894736842105263
7  1.0  0.010526315789473684
8  1.0  0.015789473684210527
9  0.90000000000000002  0.0063157894736842104
10  1.0  0.01368421052631579
1  0.83999999999999997  0.13789473684210526
2  1.0  0.25684210526315787
3  1.0  0.059999999999999998
4  0.92000000000000004  0.10421052631578948
5  0.93999999999999995  0.033684210526315789
6  1.0  0.055789473684210528
7  0.88  0.016842105263157894
8  1.0  0.018947368421052633
9  1.0  0.005263157894736842
10  0.95999999999999996  0.010526315789473684
1  0.97999999999999998  0.16
2  0.73999999999999999  0.26631578947368423
3  0.69999999999999996  0.071578947368421048
4  1.0  0.11157894736842106
5  0.85999999999999999  0.037894736842105266
6  1.0  0.048421052631578948
7  1.0  0.010526315789473684
8  0.93999999999999995  0.023157894736842106
9  0.95999999999999996  0.0063157894736842104
10  0.92000000000000004  0.010526315789473684
1  0.90000000000000002  0.14736842105263157
2  1.0  0.28210526315789475
3  1.0  0.05894736842105263
4  1.0  0.10736842105263159
5  1.0  0.021052631578947368
6  0.92000000000000004  0.043157894736842103
7  0.88  0.010526315789473684
8  1.0  0.022105263157894735
9  0.95999999999999996  0.005263157894736842
10  1.0  0.017894736842105262
1  1.0  0.14947368421052631
2  1.0  0.27578947368421053
3  0.81999999999999995  0.061052631578947365
4  0.88  0.12315789473684211
5  0.95999999999999996  0.024210526315789474
6  1.0  0.034736842105263156
7  0.80000000000000004  0.015789473684210527
8  1.0  0.029473684210526315
9  0.83999999999999997  0.010526315789473684
10  1.0  0.0063157894736842104
1  0.46000000000000002  0.1463157894736842
2  1.0  0.29578947368421055
3  0.95999999999999996  0.063157894736842107
4  1.0  0.12842105263157894
5  1.0  0.028421052631578948
6  1.0  0.049473684210526316
7  1.0  0.015789473684210527
8  1.0  0.022105263157894735
9  0.95999999999999996  0.0063157894736842104
10  1.0  0.010526315789473684
1  0.76000000000000001  0.15789473684210525
2  0.97999999999999998  0.29157894736842105
3  1.0  0.070526315789473687
4  0.93999999999999995  0.10736842105263159
5  0.92000000000000004  0.030526315789473683
6  1.0  0.036842105263157891
7  0.83999999999999997  0.014736842105263158
8  0.97999999999999998  0.016842105263157894
9  0.90000000000000002  0.0031578947368421052
10  1.0  0.0084210526315789472
1  0.44  0.15052631578947367
2  1.0  0.27052631578947367
3  0.73999999999999999  0.056842105263157895
4  1.0  0.097894736842105257
5  1.0  0.035789473684210524
6  1.0  0.045263157894736845
7  1.0  0.010526315789473684
8  0.81999999999999995  0.025263157894736842
9  1.0  0.005263157894736842
10  0.83999999999999997  0.010526315789473684
1  1.0  0.15473684210526314
2  0.92000000000000004  0.27263157894736845
3  0.92000000000000004  0.068421052631578952
4  0.97999999999999998  0.11578947368421053
5  0.92000000000000004  0.030526315789473683
6  1.0  0.06210526315789474
7  0.97999999999999998  0.0073684210526315788
8  0.97999999999999998  0.016842105263157894
9  0.71999999999999997  0.0063157894736842104
10  1.0  0.015789473684210527
1  0.88  0.13473684210526315
2  0.78000000000000003  0.28736842105263161
3  0.83999999999999997  0.059999999999999998
4  0.76000000000000001  0.1168421052631579
5  0.80000000000000004  0.026315789473684209
6  0.92000000000000004  0.043157894736842103
7  0.71999999999999997  0.0094736842105263164
8  1.0  0.024210526315789474
9  0.81999999999999995  0.0073684210526315788
10  1.0  0.010526315789473684
1  1.0  0.13263157894736843
2  0.93999999999999995  0.28000000000000003
3  0.92000000000000004  0.056842105263157895
4  1.0  0.11368421052631579
5  0.88  0.026315789473684209
6  1.0  0.05473684210526316
7  0.93999999999999995  0.012631578947368421
8  1.0  0.017894736842105262
9  0.92000000000000004  0.0042105263157894736
10  1.0  0.011578947368421053
1  0.56000000000000005  0.16
2  1.0  0.28526315789473683
3  1.0  0.070526315789473687
4  1.0  0.083157894736842111
5  1.0  0.025263157894736842
6  0.93999999999999995  0.04736842105263158
7  1.0  0.012631578947368421
8  0.90000000000000002  0.022105263157894735
9  0.85999999999999999  0.0073684210526315788
10  1.0  0.0094736842105263164
1  0.40000000000000002  0.13894736842105262
2  0.92000000000000004  0.27578947368421053
3  0.81999999999999995  0.063157894736842107
4  0.97999999999999998  0.1168421052631579
5  0.92000000000000004  0.026315789473684209
6  1.0  0.050526315789473683
7  0.56000000000000005  0.011578947368421053
8  0.93999999999999995  0.016842105263157894
9  0.97999999999999998  0.0042105263157894736
10  1.0  0.0084210526315789472
1  0.46000000000000002  0.14736842105263157
2  1.0  0.29684210526315791
3  0.64000000000000001  0.070526315789473687
4  0.97999999999999998  0.10842105263157895
5  0.88  0.023157894736842106
6  0.92000000000000004  0.052631578947368418
7  0.97999999999999998  0.005263157894736842
8  0.93999999999999995  0.018947368421052633
9  0.95999999999999996  0.0073684210526315788
10  0.73999999999999999  0.0073684210526315788
1  0.83999999999999997  0.1463157894736842
2  0.83999999999999997  0.29578947368421055
3  0.56000000000000005  0.082105263157894737
4  0.81999999999999995  0.096842105263157896
5  0.95999999999999996  0.021052631578947368
6  1.0  0.045263157894736845
7  1.0  0.014736842105263158
8  0.97999999999999998  0.029473684210526315
9  1.0  0.005263157894736842
10  0.93999999999999995  0.011578947368421053
1  1.0  0.13894736842105262
2  1.0  0.28631578947368419
3  0.97999999999999998  0.067368421052631577
4  0.95999999999999996  0.12210526315789473
5  1.0  0.028421052631578948
6  0.83999999999999997  0.057894736842105263
7  0.88  0.016842105263157894
8  1.0  0.0084210526315789472
9  1.0  0.0073684210526315788
10  0.97999999999999998  0.010526315789473684
1  0.97999999999999998  0.1736842105263158
2  0.73999999999999999  0.31052631578947371
3  0.80000000000000004  0.059999999999999998
4  1.0  0.10631578947368421
5  0.78000000000000003  0.021052631578947368
6  0.95999999999999996  0.053684210526315793
7  1.0  0.010526315789473684
8  0.95999999999999996  0.024210526315789474
9  0.85999999999999999  0.005263157894736842
10  0.95999999999999996  0.0084210526315789472
1  0.95999999999999996  0.14421052631578948
2  1.0  0.28631578947368419
3  0.59999999999999998  0.05473684210526316
4  1.0  0.11052631578947368
5  1.0  0.023157894736842106
6  0.78000000000000003  0.052631578947368418
7  1.0  0.011578947368421053
8  1.0  0.017894736842105262
9  0.93999999999999995  0.005263157894736842
10  0.90000000000000002  0.0063157894736842104
1  1.0  0.1463157894736842
2  1.0  0.26210526315789473
3  0.90000000000000002  0.065263157894736842
4  0.88  0.1031578947368421
5  0.80000000000000004  0.028421052631578948
6  0.97999999999999998  0.043157894736842103
7  0.95999999999999996  0.0094736842105263164
8  0.83999999999999997  0.021052631578947368
9  0.97999999999999998  0.0063157894736842104
10  1.0  0.005263157894736842
1  0.97999999999999998  0.15368421052631578
2  1.0  0.29157894736842105
3  1.0  0.066315789473684217
4  1.0  0.11052631578947368
5  1.0  0.024210526315789474
6  0.92000000000000004  0.043157894736842103
7  0.95999999999999996  0.012631578947368421
8  1.0  0.023157894736842106
9  1.0  0.0063157894736842104
10  0.97999999999999998  0.010526315789473684
1  1.0  0.14947368421052631
2  1.0  0.30105263157894735
3  0.85999999999999999  0.070526315789473687
4  0.97999999999999998  0.10631578947368421
5  0.78000000000000003  0.02
6  0.93999999999999995  0.064210526315789468
7  0.90000000000000002  0.012631578947368421
8  0.80000000000000004  0.02736842105263158
9  1.0  0.0031578947368421052
10  1.0  0.0084210526315789472
1  0.93999999999999995  0.13578947368421052
2  1.0  0.29368421052631577
3  0.80000000000000004  0.067368421052631577
4  1.0  0.10526315789473684
5  0.80000000000000004  0.030526315789473683
6  1.0  0.05894736842105263
7  0.88  0.017894736842105262
8  1.0  0.031578947368421054
9  0.97999999999999998  0.0084210526315789472
10  1.0  0.0094736842105263164
1  0.66000000000000003  0.15263157894736842
2  0.76000000000000001  0.30947368421052629
3  0.92000000000000004  0.068421052631578952
4  0.73999999999999999  0.11157894736842106
5  0.80000000000000004  0.029473684210526315
6  0.95999999999999996  0.045263157894736845
7  0.97999999999999998  0.010526315789473684
8  0.90000000000000002  0.026315789473684209
9  0.88  0.0063157894736842104
10  0.93999999999999995  0.010526315789473684
1  0.92000000000000004  0.1463157894736842
2  0.88  0.29578947368421055
3  1.0  0.068421052631578952
4  0.93999999999999995  0.10947368421052632
5  0.93999999999999995  0.031578947368421054
6  1.0  0.05894736842105263
7  0.92000000000000004  0.0073684210526315788
8  1.0  0.025263157894736842
9  1.0  0.0084210526315789472
10  1.0  0.005263157894736842
1  1.0  0.17263157894736841
2  1.0  0.26842105263157895
3  0.73999999999999999  0.064210526315789468
4  0.93999999999999995  0.10421052631578948
5  0.95999999999999996  0.033684210526315789
6  0.95999999999999996  0.038947368421052633
7  0.95999999999999996  0.012631578947368421
8  1.0  0.029473684210526315
9  0.90000000000000002  0.005263157894736842
10  1.0  0.0084210526315789472
1  0.76000000000000001  0.1694736842105263
2  0.85999999999999999  0.24421052631578946
3  0.76000000000000001  0.057894736842105263
4  0.92000000000000004  0.11368421052631579
5  0.90000000000000002  0.038947368421052633
6  0.81999999999999995  0.041052631578947368
7  0.92000000000000004  0.0094736842105263164
8  1.0  0.02
9  1.0  0.0073684210526315788
10  1.0  0.010526315789473684
1  0.83999999999999997  0.14000000000000001
2  0.93999999999999995  0.28842105263157897
3  0.95999999999999996  0.057894736842105263
4  1.0  0.10526315789473684
5  1.0  0.025263157894736842
6  1.0  0.05473684210526316
7  0.97999999999999998  0.016842105263157894
8  0.97999999999999998  0.026315789473684209
9  1.0  0.005263157894736842
10  1.0  0.010526315789473684
1  0.71999999999999997  0.14526315789473684
2  0.81999999999999995  0.28842105263157897
3  0.81999999999999995  0.059999999999999998
4  1.0  0.087368421052631581
5  0.90000000000000002  0.022105263157894735
6  1.0  0.044210526315789471
7  0.92000000000000004  0.0094736842105263164
8  0.97999999999999998  0.016842105263157894
9  1.0  0.0063157894736842104
10  1.0  0.0042105263157894736
1  1.0  0.14000000000000001
2  1.0  0.27894736842105261
3  0.68000000000000005  0.053684210526315793
4  1.0  0.12842105263157894
5  0.97999999999999998  0.029473684210526315
6  1.0  0.052631578947368418
7  0.95999999999999996  0.0084210526315789472
8  1.0  0.017894736842105262
9  1.0  0.0073684210526315788
10  1.0  0.0084210526315789472
1  0.54000000000000004  0.15789473684210525
2  1.0  0.27578947368421053
3  0.59999999999999998  0.065263157894736842
4  0.97999999999999998  0.097894736842105257
5  1.0  0.031578947368421054
6  1.0  0.04736842105263158
7  0.92000000000000004  0.0084210526315789472
8  1.0  0.029473684210526315
9  1.0  0.0042105263157894736
10  1.0  0.014736842105263158
1  0.57999999999999996  0.11894736842105263
2  1.0  0.27578947368421053
3  0.80000000000000004  0.040000000000000001
4  0.88  0.11578947368421053
5  0.83999999999999997  0.024210526315789474
6  0.95999999999999996  0.043157894736842103
7  1.0  0.017894736842105262
8  1.0  0.018947368421052633
9  0.97999999999999998  0.0042105263157894736
10  0.97999999999999998  0.0084210526315789472
1  0.46000000000000002  0.15684210526315789
2  1.0  0.29263157894736841
3  0.57999999999999996  0.067368421052631577
4  1.0  0.10736842105263159
5  0.90000000000000002  0.026315789473684209
6  1.0  0.055789473684210528
7  1.0  0.0063157894736842104
8  1.0  0.026315789473684209
9  1.0  0.0042105263157894736
10  1.0  0.0094736842105263164
1  0.83999999999999997  0.14526315789473684
2  0.97999999999999998  0.26526315789473687
3  0.78000000000000003  0.053684210526315793
4  0.95999999999999996  0.12
5  0.97999999999999998  0.031578947368421054
6  1.0  0.053684210526315793
7  0.95999999999999996  0.016842105263157894
8  0.90000000000000002  0.01368421052631579
9  1.0  0.012631578947368421
10  0.93999999999999995  0.012631578947368421
1  1.0  0.15263157894736842
2  1.0  0.28736842105263161
3  0.71999999999999997  0.069473684210526312
4  0.97999999999999998  0.091578947368421051
5  0.97999999999999998  0.032631578947368421
6  0.93999999999999995  0.046315789473684213
7  0.97999999999999998  0.01368421052631579
8  1.0  0.02
9  0.90000000000000002  0.011578947368421053
10  1.0  0.010526315789473684
1  0.88  0.14526315789473684
2  0.71999999999999997  0.28736842105263161
3  0.57999999999999996  0.056842105263157895
4  0.88  0.10000000000000001
5  0.83999999999999997  0.02736842105263158
6  0.93999999999999995  0.053684210526315793
7  1.0  0.01368421052631579
8  1.0  0.015789473684210527
9  1.0  0.0063157894736842104
10  1.0  0.010526315789473684
1  0.68000000000000005  0.1431578947368421
2  1.0  0.25684210526315787
3  0.85999999999999999  0.063157894736842107
4  1.0  0.10736842105263159
5  1.0  0.025263157894736842
6  1.0  0.057894736842105263
7  0.97999999999999998  0.012631578947368421
8  1.0  0.021052631578947368
9  1.0  0.010526315789473684
10  0.90000000000000002  0.01368421052631579
1  1.0  0.14000000000000001
2  1.0  0.26631578947368423
3  0.90000000000000002  0.068421052631578952
4  0.93999999999999995  0.094736842105263161
5  0.88  0.031578947368421054
6  0.85999999999999999  0.046315789473684213
7  0.78000000000000003  0.01368421052631579
8  1.0  0.016842105263157894
9  0.78000000000000003  0.0042105263157894736
10  0.95999999999999996  0.0094736842105263164
1  1.0  0.16631578947368422
2  0.95999999999999996  0.28947368421052633
3  0.81999999999999995  0.05473684210526316
4  1.0  0.1168421052631579
5  0.97999999999999998  0.022105263157894735
6  0.83999999999999997  0.042105263157894736
7  0.93999999999999995  0.014736842105263158
8  1.0  0.023157894736842106
9  0.83999999999999997  0.0063157894736842104
10  1.0  0.0063157894736842104
1  0.68000000000000005  0.16421052631578947
2  1.0  0.29263157894736841
3  0.76000000000000001  0.057894736842105263
4  0.97999999999999998  0.11578947368421053
5  1.0  0.028421052631578948
6  0.95999999999999996  0.046315789473684213
7  0.95999999999999996  0.010526315789473684
8  1.0  0.028421052631578948
9  0.97999999999999998  0.0073684210526315788
10  0.95999999999999996  0.005263157894736842
1  0.66000000000000003  0.16421052631578947
2  0.83999999999999997  0.29368421052631577
3  1.0  0.057894736842105263
4  0.92000000000000004  0.10842105263157895
5  0.92000000000000004  0.026315789473684209
6  1.0  0.038947368421052633
7  0.97999999999999998  0.016842105263157894
8  0.90000000000000002  0.014736842105263158
9  0.95999999999999996  0.0073684210526315788
10  1.0  0.011578947368421053
1  1.0  0.14210526315789473
2  0.95999999999999996  0.26736842105263159
3  1.0  0.049473684210526316
4  0.97999999999999998  0.10105263157894737
5  0.93999999999999995  0.028421052631578948
6  0.93999999999999995  0.052631578947368418
7  0.93999999999999995  0.012631578947368421
8  0.97999999999999998  0.021052631578947368
9  1.0  0.0021052631578947368
10  1.0  0.011578947368421053
1  0.5  0.1694736842105263
2  1.0  0.30947368421052629
3  0.81999999999999995  0.076842105263157892
4  0.97999999999999998  0.11263157894736842
5  0.76000000000000001  0.02
6  1.0  0.049473684210526316
7  0.88  0.014736842105263158
8  1.0  0.017894736842105262
9  0.90000000000000002  0.0031578947368421052
10  1.0  0.0063157894736842104
1  1.0  0.15473684210526314
2  0.88  0.28421052631578947
3  0.93999999999999995  0.073684210526315783
4  0.95999999999999996  0.11789473684210526
5  0.93999999999999995  0.031578947368421054
6  1.0  0.051578947368421051
7  0.97999999999999998  0.012631578947368421
8  1.0  0.025263157894736842
9  0.97999999999999998  0.005263157894736842
10  1.0  0.0094736842105263164
1  0.97999999999999998  0.15473684210526314
2  0.80000000000000004  0.28842105263157897
3  1.0  0.068421052631578952
4  1.0  0.11578947368421053
5  0.88  0.02
6  1.0  0.049473684210526316
7  0.95999999999999996  0.005263157894736842
8  0.97999999999999998  0.017894736842105262
9  0.83999999999999997  0.0084210526315789472
10  0.92000000000000004  0.011578947368421053
1  0.5  0.14947368421052631
2  1.0  0.28947368421052633
3  0.95999999999999996  0.057894736842105263
4  0.85999999999999999  0.11052631578947368
5  1.0  0.029473684210526315
6  1.0  0.05473684210526316
7  0.83999999999999997  0.0084210526315789472
8  0.97999999999999998  0.015789473684210527
9  0.95999999999999996  0.0063157894736842104
10  0.95999999999999996  0.011578947368421053
1  0.90000000000000002  0.14421052631578948
2  0.95999999999999996  0.26315789473684209
3  0.66000000000000003  0.052631578947368418
4  1.0  0.11157894736842106
5  0.69999999999999996  0.041052631578947368
6  0.97999999999999998  0.067368421052631577
7  0.93999999999999995  0.011578947368421053
8  0.97999999999999998  0.02736842105263158
9  0.93999999999999995  0.0063157894736842104
10  1.0  0.0094736842105263164
1  0.62  0.14526315789473684
2  0.81999999999999995  0.27368421052631581
3  0.80000000000000004  0.056842105263157895
4  1.0  0.093684210526315786
5  1.0  0.028421052631578948
6  1.0  0.059999999999999998
7  0.92000000000000004  0.016842105263157894
8  0.97999999999999998  0.029473684210526315
9  1.0  0.0042105263157894736
10  0.93999999999999995  0.015789473684210527
1  0.57999999999999996  0.15368421052631578
2  1.0  0.29157894736842105
3  0.97999999999999998  0.073684210526315783
4  0.90000000000000002  0.10736842105263159
5  0.90000000000000002  0.02736842105263158
6  0.97999999999999998  0.040000000000000001
7  0.69999999999999996  0.014736842105263158
8  1.0  0.026315789473684209
9  0.93999999999999995  0.0042105263157894736
10  1.0  0.0084210526315789472
1  0.64000000000000001  0.15157894736842106
2  0.97999999999999998  0.31263157894736843
3  0.68000000000000005  0.05473684210526316
4  0.95999999999999996  0.1031578947368421
5  1.0  0.02
6  1.0  0.051578947368421051
7  0.97999999999999998  0.012631578947368421
8  1.0  0.017894736842105262
9  1.0  0.0042105263157894736
10  1.0  0.014736842105263158
1  1.0  0.15263157894736842
2  0.95999999999999996  0.24105263157894738
3  0.76000000000000001  0.059999999999999998
4  1.0  0.10736842105263159
5  1.0  0.02736842105263158
6  0.93999999999999995  0.051578947368421051
7  0.90000000000000002  0.017894736842105262
8  1.0  0.02
9  1.0  0.005263157894736842
10  0.90000000000000002  0.012631578947368421
1  1.0  0.1463157894736842
2  0.92000000000000004  0.28631578947368419
3  1.0  0.05894736842105263
4  0.93999999999999995  0.12526315789473685
5  0.92000000000000004  0.026315789473684209
6  1.0  0.042105263157894736
7  0.80000000000000004  0.010526315789473684
8  0.95999999999999996  0.022105263157894735
9  1.0  0.0042105263157894736
10  0.93999999999999995  0.0063157894736842104
1  0.90000000000000002  0.14421052631578948
2  1.0  0.25473684210526315
3  0.54000000000000004  0.061052631578947365
4  1.0  0.11263157894736842
5  0.88  0.028421052631578948
6  1.0  0.04736842105263158
7  0.97999999999999998  0.010526315789473684
8  1.0  0.021052631578947368
9  0.57999999999999996  0.0010526315789473684
10  1.0  0.0063157894736842104
1  0.69999999999999996  0.1368421052631579
2  1.0  0.27684210526315789
3  1.0  0.072631578947368422
4  1.0  0.11263157894736842
5  0.97999999999999998  0.023157894736842106
6  0.97999999999999998  0.05473684210526316
7  0.93999999999999995  0.010526315789473684
8  1.0  0.024210526315789474
9  1.0  0.0031578947368421052
10  0.81999999999999995  0.0094736842105263164
1  0.64000000000000001  0.14736842105263157
2  1.0  0.25789473684210529
3  0.69999999999999996  0.056842105263157895
4  0.78000000000000003  0.12736842105263158
5  0.71999999999999997  0.025263157894736842
6  1.0  0.045263157894736845
7  0.92000000000000004  0.0084210526315789472
8  1.0  0.02
9  0.92000000000000004  0.0042105263157894736
10  1.0  0.021052631578947368
1  0.40000000000000002  0.15263157894736842
2  1.0  0.27789473684210525
3  1.0  0.05894736842105263
4  1.0  0.10421052631578948
5  1.0  0.029473684210526315
6  1.0  0.049473684210526316
7  0.97999999999999998  0.011578947368421053
8  1.0  0.016842105263157894
9  1.0  0.0063157894736842104
10  1.0  0.012631578947368421
1  0.59999999999999998  0.18631578947368421
2  0.80000000000000004  0.25368421052631579
3  0.71999999999999997  0.06210526315789474
4  0.88  0.11157894736842106
5  1.0  0.025263157894736842
6  0.95999999999999996  0.04736842105263158
7  1.0  0.010526315789473684
8  1.0  0.022105263157894735
9  0.88  0.0084210526315789472
10  0.85999999999999999  0.005263157894736842
1  0.64000000000000001  0.15684210526315789
2  0.92000000000000004  0.28947368421052633
3  0.97999999999999998  0.056842105263157895
4  1.0  0.10421052631578948
5  0.92000000000000004  0.033684210526315789
6  0.90000000000000002  0.036842105263157891
7  1.0  0.015789473684210527
8  0.85999999999999999  0.023157894736842106
9  0.93999999999999995  0.0063157894736842104
10  0.97999999999999998  0.011578947368421053
1  0.5  0.14842105263157895
2  1.0  0.28526315789473683
3  0.59999999999999998  0.05894736842105263
4  1.0  0.10105263157894737
5  1.0  0.024210526315789474
6  1.0  0.046315789473684213
7  0.95999999999999996  0.01368421052631579
8  1.0  0.035789473684210524
9  1.0  0.0073684210526315788
10  0.97999999999999998  0.005263157894736842
1  1.0  0.14000000000000001
2  1.0  0.28631578947368419
3  0.62  0.068421052631578952
4  0.95999999999999996  0.1168421052631579
5  0.95999999999999996  0.026315789473684209
6  0.97999999999999998  0.053684210526315793
7  0.64000000000000001  0.011578947368421053
8  1.0  0.028421052631578948
9  0.97999999999999998  0.0084210526315789472
10  1.0  0.01368421052631579
1  0.64000000000000001  0.14526315789473684
2  0.85999999999999999  0.26526315789473687
3  1.0  0.072631578947368422
4  0.85999999999999999  0.10105263157894737
5  0.95999999999999996  0.035789473684210524
6  1.0  0.042105263157894736
7  0.92000000000000004  0.0084210526315789472
8  1.0  0.025263157894736842
9  1.0  0.0010526315789473684
10  0.97999999999999998  0.010526315789473684
1  0.54000000000000004  0.15789473684210525
2  1.0  0.29894736842105263
3  1.0  0.064210526315789468
4  0.68000000000000005  0.13052631578947368
5  1.0  0.017894736842105262
6  0.97999999999999998  0.049473684210526316
7  0.92000000000000004  0.014736842105263158
8  1.0  0.018947368421052633
9  0.83999999999999997  0.0031578947368421052
10  1.0  0.0084210526315789472
1  0.59999999999999998  0.14736842105263157
2  1.0  0.27263157894736845
3  0.83999999999999997  0.056842105263157895
4  0.62  0.12
5  0.64000000000000001  0.02736842105263158
6  1.0  0.05894736842105263
7  0.93999999999999995  0.011578947368421053
8  0.97999999999999998  0.021052631578947368
9  0.97999999999999998  0.0063157894736842104
10  0.97999999999999998  0.0031578947368421052
1  1.0  0.14736842105263157
2  1.0  0.26105263157894737
3  0.97999999999999998  0.050526315789473683
4  1.0  0.075789473684210532
5  0.57999999999999996  0.032631578947368421
6  0.95999999999999996  0.052631578947368418
7  0.83999999999999997  0.0042105263157894736
8  1.0  0.021052631578947368
9  0.90000000000000002  0.005263157894736842
10  0.95999999999999996  0.010526315789473684
1  0.64000000000000001  0.14421052631578948
2  0.85999999999999999  0.27263157894736845
3  0.68000000000000005  0.065263157894736842
4  0.93999999999999995  0.11578947368421053
5  0.93999999999999995  0.02
6  0.92000000000000004  0.046315789473684213
7  1.0  0.02
8  1.0  0.021052631578947368
9  1.0  0.010526315789473684
10  1.0  0.0042105263157894736
1  0.52000000000000002  0.16842105263157894
2  1.0  0.25473684210526315
3  0.78000000000000003  0.063157894736842107
4  1.0  0.12736842105263158
5  0.97999999999999998  0.025263157894736842
6  0.92000000000000004  0.040000000000000001
7  1.0  0.015789473684210527
8  1.0  0.016842105263157894
9  0.97999999999999998  0.010526315789473684
10  1.0  0.017894736842105262
1  0.40000000000000002  0.16421052631578947
2  1.0  0.30631578947368421
3  0.73999999999999999  0.057894736842105263
4  1.0  0.12210526315789473
5  0.95999999999999996  0.021052631578947368
6  1.0  0.04736842105263158
7  0.95999999999999996  0.014736842105263158
8  1.0  0.022105263157894735
9  1.0  0.0042105263157894736
10  0.97999999999999998  0.016842105263157894
1  0.90000000000000002  0.17263157894736841
2  1.0  0.28105263157894739
3  0.83999999999999997  0.061052631578947365
4  1.0  0.12947368421052632
5  0.93999999999999995  0.02736842105263158
6  0.85999999999999999  0.056842105263157895
7  0.59999999999999998  0.021052631578947368
8  1.0  0.022105263157894735
9  1.0  0.0073684210526315788
10  1.0  0.0073684210526315788
1  1.0  0.14105263157894737
2  0.83999999999999997  0.29789473684210527
3  0.92000000000000004  0.056842105263157895
4  1.0  0.12
5  0.83999999999999997  0.02736842105263158
6  1.0  0.049473684210526316
7  0.93999999999999995  0.01368421052631579
8  1.0  0.024210526315789474
9  1.0  0.0042105263157894736
10  0.88  0.011578947368421053
1  1.0  0.14842105263157895
2  1.0  0.26947368421052631
3  0.93999999999999995  0.066315789473684217
4  0.97999999999999998  0.10421052631578948
5  0.81999999999999995  0.02736842105263158
6  1.0  0.05473684210526316
7  0.73999999999999999  0.0094736842105263164
8  1.0  0.023157894736842106
9  1.0  0.0021052631578947368
10  1.0  0.005263157894736842
1  0.97999999999999998  0.1463157894736842
2  0.95999999999999996  0.29368421052631577
3  1.0  0.072631578947368422
4  1.0  0.12105263157894737
5  0.88  0.028421052631578948
6  1.0  0.044210526315789471
7  1.0  0.012631578947368421
8  1.0  0.023157894736842106
9  0.93999999999999995  0.011578947368421053
10  1.0  0.011578947368421053
1  0.56000000000000005  0.14421052631578948
2  1.0  0.27684210526315789
3  0.71999999999999997  0.049473684210526316
4  1.0  0.11473684210526315
5  0.81999999999999995  0.022105263157894735
6  1.0  0.057894736842105263
7  0.88  0.016842105263157894
8  0.92000000000000004  0.01368421052631579
9  0.93999999999999995  0.0094736842105263164
10  1.0  0.010526315789473684
1  0.69999999999999996  0.15894736842105264
2  0.81999999999999995  0.29578947368421055
3  0.95999999999999996  0.063157894736842107
4  1.0  0.10947368421052632
5  0.83999999999999997  0.037894736842105266
6  0.92000000000000004  0.046315789473684213
7  0.92000000000000004  0.015789473684210527
8  1.0  0.02736842105263158
9  0.97999999999999998  0.0073684210526315788
10  0.97999999999999998  0.0094736842105263164
1  0.95999999999999996  0.15368421052631578
2  1.0  0.26736842105263159
3  0.78000000000000003  0.064210526315789468
4  0.83999999999999997  0.12210526315789473
5  0.76000000000000001  0.029473684210526315
6  1.0  0.037894736842105266
7  1.0  0.01368421052631579
8  0.95999999999999996  0.018947368421052633
9  0.92000000000000004  0.0073684210526315788
10  1.0  0.0073684210526315788
1  0.5  0.16210526315789472
2  1.0  0.32000000000000001
3  0.68000000000000005  0.076842105263157892
4  0.88  0.1031578947368421
5  1.0  0.021052631578947368
6  0.95999999999999996  0.035789473684210524
7  0.76000000000000001  0.01368421052631579
8  1.0  0.026315789473684209
9  0.93999999999999995  0.0094736842105263164
10  1.0  0.016842105263157894
1  0.71999999999999997  0.15684210526315789
2  1.0  0.27263157894736845
3  0.71999999999999997  0.056842105263157895
4  0.76000000000000001  0.095789473684210522
5  0.90000000000000002  0.029473684210526315
6  1.0  0.040000000000000001
7  0.93999999999999995  0.010526315789473684
8  0.93999999999999995  0.032631578947368421
9  0.93999999999999995  0.0010526315789473684
10  0.95999999999999996  0.0073684210526315788
1  0.41999999999999998  0.15052631578947367
2  1.0  0.25368421052631579
3  0.56000000000000005  0.055789473684210528
4  1.0  0.11473684210526315
5  0.78000000000000003  0.021052631578947368
6  1.0  0.036842105263157891
7  0.95999999999999996  0.005263157894736842
8  1.0  0.018947368421052633
9  0.90000000000000002  0.0063157894736842104
10  1.0  0.012631578947368421
1  1.0  0.14210526315789473
2  0.95999999999999996  0.30421052631578949
3  0.54000000000000004  0.06210526315789474
4  0.85999999999999999  0.10105263157894737
5  0.80000000000000004  0.024210526315789474
6  1.0  0.057894736842105263
7  0.97999999999999998  0.015789473684210527
8  0.78000000000000003  0.024210526315789474
9  0.97999999999999998  0.0073684210526315788
10  1.0  0.0063157894736842104
1  0.35999999999999999  0.13473684210526315
2  0.97999999999999998  0.26736842105263159
3  0.88  0.068421052631578952
4  0.97999999999999998  0.1031578947368421
5  1.0  0.029473684210526315
6  1.0  0.048421052631578948
7  1.0  0.015789473684210527
8  0.93999999999999995  0.023157894736842106
9  1.0  0.0073684210526315788
10  0.97999999999999998  0.011578947368421053
1  0.92000000000000004  0.1831578947368421
2  1.0  0.27157894736842103
3  0.66000000000000003  0.05473684210526316
4  1.0  0.11789473684210526
5  0.97999999999999998  0.029473684210526315
6  1.0  0.050526315789473683
7  1.0  0.012631578947368421
8  0.95999999999999996  0.018947368421052633
9  0.95999999999999996  0.005263157894736842
10  0.95999999999999996  0.0084210526315789472
1  0.93999999999999995  0.16210526315789472
2  1.0  0.27473684210526317
3  1.0  0.051578947368421051
4  1.0  0.11263157894736842
5  0.97999999999999998  0.017894736842105262
6  0.93999999999999995  0.048421052631578948
7  0.90000000000000002  0.005263157894736842
8  1.0  0.014736842105263158
9  0.97999999999999998  0.005263157894736842
10  1.0  0.012631578947368421
1  1.0  0.15894736842105264
2  1.0  0.26315789473684209
3  0.90000000000000002  0.05473684210526316
4  1.0  0.10947368421052632
5  0.80000000000000004  0.025263157894736842
6  1.0  0.049473684210526316
7  1.0  0.0094736842105263164
8  0.92000000000000004  0.029473684210526315
9  1.0  0.0031578947368421052
10  1.0  0.0094736842105263164
