0.1  1.0  0.0
0.2  1.0  0.0021052631578947368
0.3  1.0  0.010526315789473684
0.4  1.0  0.031578947368421054
0.5  0.97999999999999998  0.045263157894736845
0.6  0.57999999999999996  0.053684210526315793
0.7  1.0  0.055789473684210528
0.8  1.0  0.080000000000000002
0.9  0.92000000000000004  0.10421052631578948
1.0  0.93999999999999995  0.11473684210526315
0.1  1.0  0.0
0.2  1.0  0.0010526315789473684
0.3  1.0  0.017894736842105262
0.4  1.0  0.035789473684210524
0.5  1.0  0.042105263157894736
0.6  1.0  0.061052631578947365
0.7  0.92000000000000004  0.066315789473684217
0.8  0.40000000000000002  0.073684210526315783
0.9  0.57999999999999996  0.12210526315789473
1.0  1.0  0.10947368421052632
0.1  1.0  0.0
0.2  1.0  0.0063157894736842104
0.3  0.95999999999999996  0.021052631578947368
0.4  1.0  0.026315789473684209
0.5  1.0  0.040000000000000001
0.6  1.0  0.053684210526315793
0.7  0.95999999999999996  0.075789473684210532
0.8  0.78000000000000003  0.088421052631578942
0.9  1.0  0.092631578947368426
1.0  1.0  0.1168421052631579
0.1  1.0  0.0
0.2  1.0  0.0021052631578947368
0.3  1.0  0.021052631578947368
0.4  1.0  0.029473684210526315
0.5  1.0  0.032631578947368421
0.6  0.90000000000000002  0.059999999999999998
0.7  1.0  0.066315789473684217
0.8  1.0  0.083157894736842111
0.9  1.0  0.10105263157894737
1.0  0.92000000000000004  0.12210526315789473
0.1  1.0  0.0010526315789473684
0.2  0.97999999999999998  0.0021052631578947368
0.3  1.0  0.015789473684210527
0.4  1.0  0.023157894736842106
0.5  1.0  0.045263157894736845
0.6  1.0  0.066315789473684217
0.7  1.0  0.059999999999999998
0.8  0.97999999999999998  0.085263157894736846
0.9  0.68000000000000005  0.091578947368421051
1.0  0.59999999999999998  0.12210526315789473
0.1  1.0  0.0
0.2  1.0  0.0021052631578947368
0.3  1.0  0.012631578947368421
0.4  1.0  0.018947368421052633
0.5  1.0  0.05894736842105263
0.6  0.90000000000000002  0.06210526315789474
0.7  1.0  0.086315789473684207
0.8  0.81999999999999995  0.098947368421052631
0.9  1.0  0.1031578947368421
1.0  1.0  0.10947368421052632
0.1  1.0  0.0
0.2  1.0  0.0031578947368421052
0.3  1.0  0.0063157894736842104
0.4  1.0  0.023157894736842106
0.5  1.0  0.046315789473684213
0.6  0.88  0.056842105263157895
0.7  1.0  0.081052631578947362
0.8  1.0  0.087368421052631581
0.9  1.0  0.095789473684210522
1.0  0.73999999999999999  0.13052631578947368
0.1  1.0  0.0
0.2  1.0  0.0021052631578947368
0.3  1.0  0.012631578947368421
0.4  1.0  0.037894736842105266
0.5  1.0  0.044210526315789471
0.6  1.0  0.071578947368421048
0.7  1.0  0.072631578947368422
0.8  1.0  0.094736842105263161
0.9  1.0  0.1031578947368421
1.0  0.81999999999999995  0.13578947368421052
0.1  1.0  0.0
0.2  1.0  0.005263157894736842
0.3  0.97999999999999998  0.018947368421052633
0.4  1.0  0.035789473684210524
0.5  1.0  0.049473684210526316
0.6  1.0  0.055789473684210528
0.7  1.0  0.080000000000000002
0.8  1.0  0.10105263157894737
0.9  1.0  0.10526315789473684
1.0  0.68000000000000005  0.12105263157894737
0.1  1.0  0.0
0.2  1.0  0.0063157894736842104
0.3  1.0  0.011578947368421053
0.4  1.0  0.028421052631578948
0.5  1.0  0.030526315789473683
0.6  1.0  0.05473684210526316
0.7  0.97999999999999998  0.081052631578947362
0.8  1.0  0.093684210526315786
0.9  1.0  0.10842105263157895
1.0  0.95999999999999996  0.11894736842105263
