0.2  1.0  0.0
0.4  1.0  0.0
0.6  1.0  0.0
0.8  1.0  0.0
1.0  1.0  0.0
0.2  1.0  0.0
0.4  1.0  0.0
0.6  1.0  0.0
0.8  1.0  0.0
1.0  1.0  0.0
0.2  1.0  0.0
0.4  1.0  0.0
0.6  1.0  0.0
0.8  1.0  0.0010526315789473684
1.0  1.0  0.0010526315789473684
0.2  1.0  0.0
0.4  1.0  0.0
0.6  1.0  0.0
0.8  1.0  0.0
1.0  1.0  0.0021052631578947368
0.2  1.0  0.0
0.4  1.0  0.0
0.6  1.0  0.0
0.8  1.0  0.0
1.0  1.0  0.0
0.2  1.0  0.0
0.4  1.0  0.0
0.6  1.0  0.0
0.8  1.0  0.0
1.0  1.0  0.005263157894736842
0.2  1.0  0.0
0.4  1.0  0.0
0.6  1.0  0.0
0.8  1.0  0.0
1.0  1.0  0.0
0.2  1.0  0.0
0.4  1.0  0.0
0.6  1.0  0.0
0.8  1.0  0.0
1.0  1.0  0.0
0.2  1.0  0.0
0.4  1.0  0.0
0.6  1.0  0.0
0.8  1.0  0.0
1.0  1.0  0.0
0.2  1.0  0.0
0.4  1.0  0.0
0.6  1.0  0.0
0.8  1.0  0.010526315789473684
1.0  1.0  0.0
0.2  1.0  0.0
0.4  1.0  0.0
0.6  1.0  0.0
0.8  0.93999999999999995  0.0063157894736842104
1.0  1.0  0.0
0.2  1.0  0.0
0.4  1.0  0.0
0.6  1.0  0.0
0.8  1.0  0.0
1.0  1.0  0.0
0.2  1.0  0.0
0.4  1.0  0.0
0.6  1.0  0.0
0.8  1.0  0.0021052631578947368
1.0  1.0  0.0
0.2  1.0  0.0
0.4  1.0  0.0
0.6  1.0  0.0
0.8  0.97999999999999998  0.005263157894736842
1.0  1.0  0.0
0.2  1.0  0.0
0.4  1.0  0.0
0.6  1.0  0.0
0.8  1.0  0.0
1.0  1.0  0.0
0.2  1.0  0.0
0.4  1.0  0.0
0.6  1.0  0.0
0.8  1.0  0.0
1.0  1.0  0.0
0.2  1.0  0.0
0.4  1.0  0.0
0.6  1.0  0.0
0.8  1.0  0.0
1.0  1.0  0.0
0.2  1.0  0.0
0.4  1.0  0.0
0.6  1.0  0.0
0.8  1.0  0.0
1.0  1.0  0.015789473684210527
0.2  1.0  0.0
0.4  1.0  0.0
0.6  1.0  0.0
0.8  1.0  0.0
1.0  1.0  0.0
0.2  1.0  0.0
0.4  1.0  0.0
0.6  1.0  0.0
0.8  1.0  0.0
1.0  1.0  0.0
0.2  1.0  0.0
0.4  1.0  0.0
0.6  1.0  0.0
0.8  1.0  0.0
1.0  1.0  0.0
0.2  1.0  0.0
0.4  1.0  0.0
0.6  1.0  0.0
0.8  1.0  0.0
1.0  1.0  0.0
0.2  1.0  0.0
0.4  1.0  0.0
0.6  1.0  0.0
0.8  1.0  0.0
1.0  0.97999999999999998  0.026315789473684209
0.2  1.0  0.0
0.4  1.0  0.0
0.6  1.0  0.0
0.8  1.0  0.0
1.0  1.0  0.0
0.2  1.0  0.0
0.4  1.0  0.0
0.6  1.0  0.0
0.8  1.0  0.0
1.0  1.0  0.0042105263157894736
0.2  1.0  0.0
0.4  1.0  0.0
0.6  1.0  0.0
0.8  1.0  0.0
1.0  1.0  0.0
0.2  1.0  0.0
0.4  1.0  0.0
0.6  1.0  0.0
0.8  1.0  0.0
1.0  1.0  0.0
0.2  1.0  0.0
0.4  1.0  0.0
0.6  0.97999999999999998  0.0042105263157894736
0.8  1.0  0.0
1.0  1.0  0.0
0.2  1.0  0.0
0.4  1.0  0.0
0.6  1.0  0.0
0.8  1.0  0.0
1.0  1.0  0.0
0.2  1.0  0.0
0.4  1.0  0.0
0.6  1.0  0.0
0.8  1.0  0.0
1.0  1.0  0.0010526315789473684
0.2  1.0  0.0
0.4  1.0  0.0
0.6  1.0  0.0
0.8  1.0  0.0
1.0  1.0  0.0
0.2  1.0  0.0
0.4  1.0  0.0
0.6  1.0  0.0
0.8  1.0  0.0
1.0  1.0  0.0031578947368421052
0.2  1.0  0.0
0.4  1.0  0.0
0.6  1.0  0.0
0.8  0.97999999999999998  0.02
1.0  1.0  0.014736842105263158
0.2  1.0  0.0
0.4  1.0  0.0
0.6  1.0  0.0
0.8  1.0  0.0
1.0  1.0  0.0
0.2  1.0  0.0
0.4  1.0  0.0
0.6  1.0  0.0
0.8  1.0  0.0
1.0  1.0  0.0
0.2  1.0  0.0
0.4  1.0  0.0
0.6  1.0  0.0
0.8  1.0  0.0
1.0  1.0  0.0
0.2  1.0  0.0
0.4  1.0  0.0
0.6  1.0  0.0
0.8  1.0  0.0
1.0  1.0  0.0
0.2  1.0  0.0
0.4  1.0  0.0
0.6  1.0  0.0
0.8  1.0  0.0
1.0  1.0  0.0
0.2  1.0  0.0
0.4  1.0  0.0
0.6  0.97999999999999998  0.0042105263157894736
0.8  1.0  0.0
1.0  1.0  0.0
0.2  1.0  0.0
0.4  1.0  0.0
0.6  1.0  0.0
0.8  1.0  0.0
1.0  1.0  0.0021052631578947368
0.2  1.0  0.0
0.4  1.0  0.0
0.6  1.0  0.0
0.8  0.97999999999999998  0.018947368421052633
1.0  1.0  0.0
0.2  1.0  0.0
0.4  1.0  0.0
0.6  1.0  0.0
0.8  1.0  0.0
1.0  1.0  0.0
0.2  1.0  0.0
0.4  1.0  0.0
0.6  1.0  0.0
0.8  1.0  0.0
1.0  1.0  0.0
0.2  1.0  0.0
0.4  1.0  0.0
0.6  1.0  0.0
0.8  0.93999999999999995  0.016842105263157894
1.0  1.0  0.0
0.2  1.0  0.0
0.4  1.0  0.0
0.6  1.0  0.0021052631578947368
0.8  1.0  0.0
1.0  1.0  0.0
0.2  1.0  0.0
0.4  1.0  0.0
0.6  1.0  0.0
0.8  1.0  0.0
1.0  1.0  0.0063157894736842104
0.2  1.0  0.0
0.4  1.0  0.0
0.6  1.0  0.0
0.8  1.0  0.0
1.0  1.0  0.0
0.2  1.0  0.0
0.4  1.0  0.0
0.6  1.0  0.0
0.8  1.0  0.0
1.0  1.0  0.0
0.2  1.0  0.0
0.4  1.0  0.0
0.6  1.0  0.0
0.8  1.0  0.0
1.0  1.0  0.0
0.2  1.0  0.0
0.4  1.0  0.0
0.6  1.0  0.0
0.8  1.0  0.0
1.0  1.0  0.0010526315789473684
0.2  1.0  0.0
0.4  1.0  0.0
0.6  1.0  0.0
0.8  1.0  0.0
1.0  1.0  0.0
0.2  1.0  0.0
0.4  1.0  0.0
0.6  1.0  0.0
0.8  1.0  0.0021052631578947368
1.0  1.0  0.0031578947368421052
0.2  1.0  0.0
0.4  1.0  0.0
0.6  1.0  0.012631578947368421
0.8  1.0  0.0
1.0  1.0  0.0
0.2  1.0  0.0
0.4  1.0  0.0
0.6  1.0  0.0
0.8  1.0  0.0
1.0  1.0  0.0
0.2  1.0  0.0
0.4  1.0  0.0
0.6  1.0  0.005263157894736842
0.8  1.0  0.0
1.0  1.0  0.0021052631578947368
0.2  1.0  0.0
0.4  1.0  0.0
0.6  1.0  0.005263157894736842
0.8  1.0  0.0010526315789473684
1.0  1.0  0.0
0.2  1.0  0.0
0.4  1.0  0.0
0.6  1.0  0.0
0.8  1.0  0.0
1.0  1.0  0.0
0.2  1.0  0.0
0.4  1.0  0.0010526315789473684
0.6  1.0  0.0
0.8  1.0  0.0
1.0  1.0  0.0
0.2  1.0  0.0
0.4  1.0  0.0
0.6  1.0  0.0
0.8  1.0  0.0
1.0  1.0  0.011578947368421053
0.2  1.0  0.0
0.4  1.0  0.0
0.6  1.0  0.0
0.8  1.0  0.0
1.0  1.0  0.0
0.2  1.0  0.0
0.4  1.0  0.0
0.6  1.0  0.0
0.8  1.0  0.0
1.0  1.0  0.0
0.2  1.0  0.0
0.4  1.0  0.0
0.6  1.0  0.0010526315789473684
0.8  1.0  0.010526315789473684
1.0  1.0  0.0
0.2  1.0  0.0
0.4  1.0  0.0
0.6  1.0  0.0
0.8  1.0  0.0
1.0  1.0  0.0042105263157894736
0.2  1.0  0.0
0.4  1.0  0.0
0.6  1.0  0.0
0.8  1.0  0.0
1.0  1.0  0.0
0.2  1.0  0.0
0.4  1.0  0.0
0.6  1.0  0.0
0.8  1.0  0.0
1.0  1.0  0.0
0.2  1.0  0.0
0.4  1.0  0.0
0.6  1.0  0.0063157894736842104
0.8  1.0  0.0
1.0  1.0  0.0
0.2  1.0  0.0
0.4  1.0  0.0
0.6  1.0  0.0
0.8  1.0  0.0
1.0  1.0  0.0
0.2  1.0  0.0
0.4  1.0  0.0
0.6  1.0  0.0
0.8  1.0  0.0010526315789473684
1.0  1.0  0.0
0.2  1.0  0.0
0.4  1.0  0.0010526315789473684
0.6  1.0  0.0
0.8  1.0  0.0
1.0  1.0  0.0
0.2  1.0  0.0
0.4  1.0  0.0
0.6  1.0  0.0010526315789473684
0.8  1.0  0.0031578947368421052
1.0  1.0  0.0021052631578947368
0.2  1.0  0.0
0.4  1.0  0.0
0.6  1.0  0.0
0.8  1.0  0.0
1.0  1.0  0.0073684210526315788
0.2  1.0  0.0
0.4  1.0  0.0
0.6  1.0  0.0
0.8  1.0  0.0
1.0  1.0  0.0
0.2  1.0  0.0
0.4  1.0  0.0
0.6  1.0  0.0
0.8  1.0  0.0
1.0  1.0  0.0
0.2  1.0  0.0
0.4  1.0  0.0
0.6  1.0  0.0
0.8  1.0  0.0
1.0  1.0  0.0
0.2  1.0  0.0
0.4  1.0  0.0
0.6  1.0  0.0
0.8  1.0  0.0
1.0  1.0  0.0
0.2  1.0  0.0
0.4  1.0  0.0
0.6  1.0  0.0
0.8  1.0  0.0010526315789473684
1.0  1.0  0.0
0.2  1.0  0.0
0.4  1.0  0.0
0.6  1.0  0.0
0.8  1.0  0.0
1.0  1.0  0.0
0.2  1.0  0.0
0.4  0.97999999999999998  0.0031578947368421052
0.6  1.0  0.0010526315789473684
0.8  1.0  0.0
1.0  1.0  0.0
0.2  1.0  0.0
0.4  1.0  0.0031578947368421052
0.6  1.0  0.0
0.8  1.0  0.0021052631578947368
1.0  1.0  0.0
0.2  1.0  0.0
0.4  1.0  0.0
0.6  1.0  0.0
0.8  1.0  0.0
1.0  1.0  0.0
0.2  1.0  0.0
0.4  1.0  0.0
0.6  1.0  0.0
0.8  1.0  0.0
1.0  1.0  0.0
0.2  1.0  0.0
0.4  1.0  0.0
0.6  1.0  0.0
0.8  1.0  0.0010526315789473684
1.0  0.97999999999999998  0.01368421052631579
0.2  1.0  0.0
0.4  1.0  0.0
0.6  1.0  0.0
0.8  1.0  0.0
1.0  1.0  0.0
0.2  1.0  0.0
0.4  1.0  0.0
0.6  1.0  0.0
0.8  1.0  0.0
1.0  0.97999999999999998  0.010526315789473684
0.2  1.0  0.0
0.4  1.0  0.0
0.6  1.0  0.0
0.8  1.0  0.0
1.0  1.0  0.0
0.2  1.0  0.0
0.4  1.0  0.0
0.6  1.0  0.0
0.8  1.0  0.0
1.0  1.0  0.0
0.2  1.0  0.0
0.4  1.0  0.0
0.6  1.0  0.0
0.8  0.97999999999999998  0.0010526315789473684
1.0  1.0  0.0
0.2  1.0  0.0
0.4  1.0  0.0
0.6  1.0  0.0
0.8  1.0  0.0021052631578947368
1.0  1.0  0.0
0.2  1.0  0.0
0.4  1.0  0.0
0.6  1.0  0.0
0.8  1.0  0.0
1.0  1.0  0.0084210526315789472
0.2  1.0  0.0
0.4  1.0  0.0
0.6  1.0  0.0
0.8  1.0  0.0
1.0  1.0  0.0
0.2  1.0  0.0
0.4  1.0  0.0
0.6  1.0  0.0
0.8  1.0  0.0
1.0  1.0  0.0
0.2  1.0  0.0
0.4  1.0  0.0
0.6  1.0  0.0
0.8  1.0  0.012631578947368421
1.0  1.0  0.0
0.2  1.0  0.0
0.4  1.0  0.0
0.6  0.97999999999999998  0.0010526315789473684
0.8  1.0  0.0021052631578947368
1.0  1.0  0.0
0.2  1.0  0.0
0.4  1.0  0.0
0.6  1.0  0.0
0.8  1.0  0.0
1.0  1.0  0.0
0.2  1.0  0.0
0.4  1.0  0.0
0.6  1.0  0.0
0.8  1.0  0.0
1.0  1.0  0.0
0.2  1.0  0.0
0.4  1.0  0.0
0.6  1.0  0.0
0.8  1.0  0.0
1.0  1.0  0.0
0.2  1.0  0.0
0.4  1.0  0.0
0.6  1.0  0.0
0.8  1.0  0.0
1.0  0.97999999999999998  0.0073684210526315788
0.2  1.0  0.0
0.4  1.0  0.0
0.6  1.0  0.0
0.8  1.0  0.0
1.0  0.97999999999999998  0.023157894736842106
0.2  1.0  0.0
0.4  1.0  0.0
0.6  1.0  0.0
0.8  1.0  0.0
1.0  1.0  0.0
0.2  1.0  0.0
0.4  1.0  0.0
0.6  1.0  0.0
0.8  1.0  0.0021052631578947368
1.0  1.0  0.0
