1  0.34000000000000002  0.087368421052631581
2  1.0  0.10421052631578948
3  1.0  0.076842105263157892
4  0.97999999999999998  0.10526315789473684
5  1.0  0.091578947368421051
6  1.0  0.11157894736842106
7  1.0  0.10105263157894737
8  1.0  0.10105263157894737
9  1.0  0.096842105263157896
10  1.0  0.085263157894736846
1  0.44  0.083157894736842111
2  1.0  0.10526315789473684
3  0.93999999999999995  0.097894736842105257
4  1.0  0.094736842105263161
5  0.92000000000000004  0.089473684210526316
6  0.97999999999999998  0.082105263157894737
7  1.0  0.10526315789473684
8  1.0  0.11368421052631579
9  1.0  0.11368421052631579
10  1.0  0.10631578947368421
1  0.73999999999999999  0.097894736842105257
2  1.0  0.083157894736842111
3  0.83999999999999997  0.089473684210526316
4  1.0  0.10631578947368421
5  1.0  0.087368421052631581
6  1.0  0.084210526315789472
7  1.0  0.094736842105263161
8  1.0  0.10736842105263159
9  1.0  0.087368421052631581
10  1.0  0.1031578947368421
1  0.35999999999999999  0.10736842105263159
2  0.71999999999999997  0.087368421052631581
3  1.0  0.10947368421052632
4  1.0  0.10421052631578948
5  1.0  0.11052631578947368
6  1.0  0.087368421052631581
7  1.0  0.082105263157894737
8  1.0  0.11052631578947368
9  1.0  0.1031578947368421
10  1.0  0.10526315789473684
1  1.0  0.089473684210526316
2  1.0  0.10842105263157895
3  0.90000000000000002  0.10947368421052632
4  1.0  0.090526315789473691
5  1.0  0.098947368421052631
6  0.93999999999999995  0.10842105263157895
7  0.97999999999999998  0.083157894736842111
8  1.0  0.10842105263157895
9  1.0  0.090526315789473691
10  1.0  0.1031578947368421
1  0.97999999999999998  0.071578947368421048
2  0.5  0.086315789473684207
3  1.0  0.10210526315789474
4  1.0  0.1168421052631579
5  1.0  0.095789473684210522
6  1.0  0.091578947368421051
7  1.0  0.083157894736842111
8  1.0  0.095789473684210522
9  1.0  0.1031578947368421
10  1.0  0.10736842105263159
1  1.0  0.097894736842105257
2  1.0  0.095789473684210522
3  0.71999999999999997  0.10000000000000001
4  1.0  0.10105263157894737
5  1.0  0.11052631578947368
6  0.92000000000000004  0.10210526315789474
7  1.0  0.093684210526315786
8  1.0  0.098947368421052631
9  1.0  0.094736842105263161
10  1.0  0.091578947368421051
1  0.35999999999999999  0.091578947368421051
2  0.59999999999999998  0.093684210526315786
3  0.59999999999999998  0.10000000000000001
4  1.0  0.091578947368421051
5  0.92000000000000004  0.098947368421052631
6  0.97999999999999998  0.092631578947368426
7  1.0  0.082105263157894737
8  1.0  0.090526315789473691
9  1.0  0.11789473684210526
10  1.0  0.10421052631578948
1  1.0  0.094736842105263161
2  0.69999999999999996  0.091578947368421051
3  1.0  0.093684210526315786
4  1.0  0.095789473684210522
5  1.0  0.10526315789473684
6  1.0  0.10631578947368421
7  1.0  0.10526315789473684
8  1.0  0.091578947368421051
9  1.0  0.11263157894736842
10  1.0  0.11263157894736842
1  0.54000000000000004  0.096842105263157896
2  0.68000000000000005  0.082105263157894737
3  1.0  0.10736842105263159
4  0.85999999999999999  0.10526315789473684
5  0.90000000000000002  0.10210526315789474
6  1.0  0.1031578947368421
7  1.0  0.093684210526315786
8  1.0  0.089473684210526316
9  1.0  0.081052631578947362
10  1.0  0.11473684210526315
1  0.52000000000000002  0.069473684210526312
2  1.0  0.094736842105263161
3  0.97999999999999998  0.11052631578947368
4  1.0  0.086315789473684207
5  0.81999999999999995  0.096842105263157896
6  0.81999999999999995  0.10526315789473684
7  1.0  0.090526315789473691
8  1.0  0.086315789473684207
9  1.0  0.10000000000000001
10  1.0  0.088421052631578942
1  0.85999999999999999  0.10842105263157895
2  0.92000000000000004  0.11052631578947368
3  1.0  0.087368421052631581
4  1.0  0.089473684210526316
5  1.0  0.084210526315789472
6  1.0  0.093684210526315786
7  1.0  0.088421052631578942
8  1.0  0.10210526315789474
9  1.0  0.097894736842105257
10  1.0  0.085263157894736846
1  1.0  0.10736842105263159
2  0.66000000000000003  0.098947368421052631
3  0.95999999999999996  0.096842105263157896
4  0.95999999999999996  0.080000000000000002
5  1.0  0.10105263157894737
6  0.95999999999999996  0.098947368421052631
7  1.0  0.1031578947368421
8  1.0  0.10000000000000001
9  1.0  0.098947368421052631
10  1.0  0.093684210526315786
1  0.54000000000000004  0.090526315789473691
2  1.0  0.10210526315789474
3  1.0  0.086315789473684207
4  1.0  0.090526315789473691
5  1.0  0.096842105263157896
6  1.0  0.10000000000000001
7  1.0  0.1031578947368421
8  0.95999999999999996  0.091578947368421051
9  1.0  0.091578947368421051
10  1.0  0.084210526315789472
1  0.69999999999999996  0.092631578947368426
2  0.5  0.081052631578947362
3  1.0  0.11052631578947368
4  1.0  0.093684210526315786
5  1.0  0.10842105263157895
6  1.0  0.11052631578947368
7  1.0  0.098947368421052631
8  1.0  0.10105263157894737
9  0.97999999999999998  0.10210526315789474
10  1.0  0.10210526315789474
1  0.47999999999999998  0.090526315789473691
2  0.95999999999999996  0.094736842105263161
3  0.80000000000000004  0.086315789473684207
4  0.80000000000000004  0.092631578947368426
5  1.0  0.091578947368421051
6  1.0  0.097894736842105257
7  0.97999999999999998  0.10105263157894737
8  1.0  0.12947368421052632
9  1.0  0.11157894736842106
10  1.0  0.097894736842105257
1  0.35999999999999999  0.095789473684210522
2  1.0  0.11473684210526315
3  1.0  0.092631578947368426
4  0.95999999999999996  0.087368421052631581
5  0.44  0.096842105263157896
6  1.0  0.085263157894736846
7  1.0  0.097894736842105257
8  1.0  0.10842105263157895
9  0.90000000000000002  0.10000000000000001
10  1.0  0.10842105263157895
1  0.32000000000000001  0.10210526315789474
2  0.71999999999999997  0.10631578947368421
3  0.85999999999999999  0.10421052631578948
4  0.85999999999999999  0.10105263157894737
5  1.0  0.093684210526315786
6  1.0  0.10000000000000001
7  1.0  0.098947368421052631
8  1.0  0.094736842105263161
9  1.0  0.10210526315789474
10  1.0  0.10210526315789474
1  0.62  0.096842105263157896
2  0.97999999999999998  0.096842105263157896
3  0.95999999999999996  0.10210526315789474
4  0.95999999999999996  0.098947368421052631
5  0.62  0.10736842105263159
6  1.0  0.11052631578947368
7  1.0  0.11157894736842106
8  1.0  0.10736842105263159
9  0.97999999999999998  0.082105263157894737
10  1.0  0.10210526315789474
1  0.68000000000000005  0.085263157894736846
2  0.26000000000000001  0.10947368421052632
3  0.5  0.11368421052631579
4  1.0  0.090526315789473691
5  0.85999999999999999  0.080000000000000002
6  1.0  0.10105263157894737
7  0.62  0.076842105263157892
8  1.0  0.11473684210526315
9  1.0  0.10105263157894737
10  1.0  0.085263157894736846
1  0.64000000000000001  0.1168421052631579
2  1.0  0.092631578947368426
3  1.0  0.098947368421052631
4  1.0  0.10000000000000001
5  1.0  0.10631578947368421
6  0.92000000000000004  0.10421052631578948
7  1.0  0.095789473684210522
8  1.0  0.093684210526315786
9  1.0  0.078947368421052627
10  0.81999999999999995  0.077894736842105267
1  0.47999999999999998  0.092631578947368426
2  1.0  0.11157894736842106
3  1.0  0.095789473684210522
4  1.0  0.10105263157894737
5  1.0  0.092631578947368426
6  1.0  0.10842105263157895
7  1.0  0.10210526315789474
8  1.0  0.089473684210526316
9  1.0  0.11578947368421053
10  1.0  0.074736842105263157
1  0.68000000000000005  0.094736842105263161
2  0.41999999999999998  0.10421052631578948
3  1.0  0.093684210526315786
4  0.71999999999999997  0.096842105263157896
5  1.0  0.080000000000000002
6  1.0  0.11789473684210526
7  1.0  0.10000000000000001
8  1.0  0.088421052631578942
9  0.93999999999999995  0.098947368421052631
10  1.0  0.1031578947368421
1  0.52000000000000002  0.094736842105263161
2  1.0  0.087368421052631581
3  1.0  0.095789473684210522
4  0.97999999999999998  0.10421052631578948
5  1.0  0.088421052631578942
6  1.0  0.089473684210526316
7  1.0  0.10105263157894737
8  1.0  0.11052631578947368
9  1.0  0.11578947368421053
10  1.0  0.12631578947368421
1  0.66000000000000003  0.083157894736842111
2  0.90000000000000002  0.086315789473684207
3  0.88  0.10000000000000001
4  1.0  0.098947368421052631
5  0.95999999999999996  0.10210526315789474
6  0.97999999999999998  0.10631578947368421
7  1.0  0.10421052631578948
8  1.0  0.095789473684210522
9  1.0  0.076842105263157892
10  1.0  0.084210526315789472
1  0.76000000000000001  0.12315789473684211
2  0.54000000000000004  0.089473684210526316
3  0.97999999999999998  0.095789473684210522
4  0.90000000000000002  0.093684210526315786
5  1.0  0.10421052631578948
6  1.0  0.089473684210526316
7  1.0  0.084210526315789472
8  0.93999999999999995  0.094736842105263161
9  0.95999999999999996  0.098947368421052631
10  1.0  0.087368421052631581
1  0.85999999999999999  0.11157894736842106
2  0.73999999999999999  0.090526315789473691
3  1.0  0.11052631578947368
4  1.0  0.097894736842105257
5  0.83999999999999997  0.095789473684210522
6  1.0  0.10210526315789474
7  1.0  0.10526315789473684
8  0.66000000000000003  0.088421052631578942
9  1.0  0.10210526315789474
10  0.95999999999999996  0.086315789473684207
1  1.0  0.10631578947368421
2  1.0  0.10105263157894737
3  1.0  0.095789473684210522
4  1.0  0.094736842105263161
5  1.0  0.11263157894736842
6  1.0  0.083157894736842111
7  1.0  0.095789473684210522
8  1.0  0.074736842105263157
9  1.0  0.10736842105263159
10  0.92000000000000004  0.10421052631578948
1  1.0  0.098947368421052631
2  0.83999999999999997  0.10526315789473684
3  1.0  0.11789473684210526
4  0.90000000000000002  0.1031578947368421
5  1.0  0.10210526315789474
6  1.0  0.10947368421052632
7  1.0  0.10736842105263159
8  1.0  0.11263157894736842
9  1.0  0.091578947368421051
10  1.0  0.098947368421052631
1  0.80000000000000004  0.082105263157894737
2  1.0  0.10210526315789474
3  1.0  0.10842105263157895
4  0.95999999999999996  0.12105263157894737
5  1.0  0.091578947368421051
6  0.97999999999999998  0.084210526315789472
7  1.0  0.076842105263157892
8  0.85999999999999999  0.089473684210526316
9  1.0  0.089473684210526316
10  1.0  0.093684210526315786
1  0.95999999999999996  0.10736842105263159
2  1.0  0.096842105263157896
3  1.0  0.11157894736842106
4  0.83999999999999997  0.072631578947368422
5  1.0  0.093684210526315786
6  1.0  0.074736842105263157
7  1.0  0.11789473684210526
8  1.0  0.082105263157894737
9  1.0  0.095789473684210522
10  1.0  0.10105263157894737
1  1.0  0.088421052631578942
2  0.62  0.10210526315789474
3  1.0  0.096842105263157896
4  0.62  0.094736842105263161
5  1.0  0.093684210526315786
6  1.0  0.089473684210526316
7  1.0  0.10210526315789474
8  1.0  0.080000000000000002
9  1.0  0.081052631578947362
10  1.0  0.095789473684210522
1  0.83999999999999997  0.086315789473684207
2  1.0  0.087368421052631581
3  0.62  0.095789473684210522
4  0.85999999999999999  0.092631578947368426
5  1.0  0.10736842105263159
6  1.0  0.10210526315789474
7  1.0  0.090526315789473691
8  1.0  0.096842105263157896
9  1.0  0.097894736842105257
10  1.0  0.091578947368421051
1  0.26000000000000001  0.11052631578947368
2  0.97999999999999998  0.10421052631578948
3  1.0  0.11368421052631579
4  1.0  0.1031578947368421
5  1.0  0.10000000000000001
6  1.0  0.084210526315789472
7  1.0  0.089473684210526316
8  1.0  0.10947368421052632
9  1.0  0.088421052631578942
10  1.0  0.1031578947368421
1  0.95999999999999996  0.082105263157894737
2  0.71999999999999997  0.095789473684210522
3  1.0  0.094736842105263161
4  0.83999999999999997  0.10000000000000001
5  1.0  0.095789473684210522
6  1.0  0.11894736842105263
7  1.0  0.090526315789473691
8  1.0  0.077894736842105267
9  1.0  0.11052631578947368
10  1.0  0.10105263157894737
1  0.57999999999999996  0.10842105263157895
2  1.0  0.095789473684210522
3  1.0  0.10421052631578948
4  1.0  0.11473684210526315
5  1.0  0.10421052631578948
6  1.0  0.10105263157894737
7  1.0  0.087368421052631581
8  1.0  0.10736842105263159
9  1.0  0.091578947368421051
10  1.0  0.095789473684210522
1  0.83999999999999997  0.096842105263157896
2  1.0  0.092631578947368426
3  1.0  0.091578947368421051
4  0.83999999999999997  0.10210526315789474
5  1.0  0.10105263157894737
6  1.0  0.11052631578947368
7  1.0  0.094736842105263161
8  1.0  0.093684210526315786
9  1.0  0.089473684210526316
10  1.0  0.089473684210526316
1  0.46000000000000002  0.093684210526315786
2  0.47999999999999998  0.1031578947368421
3  1.0  0.10842105263157895
4  1.0  0.10736842105263159
5  1.0  0.095789473684210522
6  1.0  0.075789473684210532
7  1.0  0.10421052631578948
8  1.0  0.11789473684210526
9  1.0  0.1031578947368421
10  1.0  0.094736842105263161
1  0.52000000000000002  0.10631578947368421
2  1.0  0.094736842105263161
3  0.59999999999999998  0.088421052631578942
4  0.56000000000000005  0.11578947368421053
5  1.0  0.10421052631578948
6  1.0  0.090526315789473691
7  1.0  0.10842105263157895
8  1.0  0.087368421052631581
9  0.76000000000000001  0.090526315789473691
10  1.0  0.096842105263157896
1  1.0  0.10736842105263159
2  0.83999999999999997  0.1031578947368421
3  0.92000000000000004  0.093684210526315786
4  1.0  0.090526315789473691
5  1.0  0.10842105263157895
6  1.0  0.11789473684210526
7  1.0  0.11578947368421053
8  1.0  0.095789473684210522
9  1.0  0.10631578947368421
10  1.0  0.097894736842105257
1  1.0  0.1031578947368421
2  0.57999999999999996  0.10210526315789474
3  1.0  0.088421052631578942
4  1.0  0.090526315789473691
5  1.0  0.096842105263157896
6  1.0  0.097894736842105257
7  1.0  0.085263157894736846
8  1.0  0.10105263157894737
9  1.0  0.10105263157894737
10  1.0  0.11368421052631579
1  0.54000000000000004  0.098947368421052631
2  0.64000000000000001  0.096842105263157896
3  0.71999999999999997  0.11263157894736842
4  1.0  0.097894736842105257
5  1.0  0.097894736842105257
6  0.97999999999999998  0.093684210526315786
7  0.95999999999999996  0.085263157894736846
8  1.0  0.1031578947368421
9  1.0  0.087368421052631581
10  1.0  0.1168421052631579
1  0.52000000000000002  0.087368421052631581
2  0.93999999999999995  0.089473684210526316
3  1.0  0.089473684210526316
4  1.0  0.095789473684210522
5  1.0  0.10210526315789474
6  1.0  0.088421052631578942
7  1.0  0.11473684210526315
8  1.0  0.090526315789473691
9  1.0  0.11157894736842106
10  0.73999999999999999  0.098947368421052631
1  0.66000000000000003  0.1031578947368421
2  1.0  0.093684210526315786
3  0.54000000000000004  0.10631578947368421
4  1.0  0.091578947368421051
5  0.5  0.11368421052631579
6  1.0  0.10210526315789474
7  1.0  0.094736842105263161
8  1.0  0.084210526315789472
9  1.0  0.091578947368421051
10  1.0  0.10105263157894737
1  0.80000000000000004  0.090526315789473691
2  1.0  0.093684210526315786
3  1.0  0.10105263157894737
4  0.92000000000000004  0.11052631578947368
5  1.0  0.095789473684210522
6  1.0  0.096842105263157896
7  1.0  0.093684210526315786
8  1.0  0.097894736842105257
9  1.0  0.10421052631578948
10  1.0  0.11157894736842106
1  0.62  0.10000000000000001
2  1.0  0.089473684210526316
3  1.0  0.097894736842105257
4  1.0  0.11473684210526315
5  1.0  0.11368421052631579
6  1.0  0.096842105263157896
7  1.0  0.083157894736842111
8  0.97999999999999998  0.10105263157894737
9  1.0  0.089473684210526316
10  1.0  0.10631578947368421
1  0.80000000000000004  0.092631578947368426
2  1.0  0.092631578947368426
3  1.0  0.095789473684210522
4  1.0  0.093684210526315786
5  1.0  0.10210526315789474
6  0.83999999999999997  0.10947368421052632
7  1.0  0.1031578947368421
8  1.0  0.098947368421052631
9  1.0  0.10210526315789474
10  1.0  0.081052631578947362
1  0.28000000000000003  0.086315789473684207
2  0.81999999999999995  0.091578947368421051
3  1.0  0.11052631578947368
4  1.0  0.11263157894736842
5  0.95999999999999996  0.094736842105263161
6  1.0  0.092631578947368426
7  1.0  0.10210526315789474
8  1.0  0.098947368421052631
9  1.0  0.077894736842105267
10  1.0  0.091578947368421051
1  1.0  0.096842105263157896
2  0.88  0.086315789473684207
3  0.93999999999999995  0.1031578947368421
4  1.0  0.10210526315789474
5  1.0  0.10421052631578948
6  1.0  0.10000000000000001
7  1.0  0.10000000000000001
8  1.0  0.10421052631578948
9  1.0  0.095789473684210522
10  1.0  0.098947368421052631
1  0.44  0.095789473684210522
2  1.0  0.086315789473684207
3  1.0  0.097894736842105257
4  1.0  0.098947368421052631
5  0.81999999999999995  0.090526315789473691
6  1.0  0.089473684210526316
7  0.88  0.092631578947368426
8  1.0  0.082105263157894737
9  1.0  0.10736842105263159
10  1.0  0.10000000000000001
1  1.0  0.096842105263157896
2  1.0  0.084210526315789472
3  1.0  0.096842105263157896
4  1.0  0.10526315789473684
5  0.97999999999999998  0.077894736842105267
6  1.0  0.12
7  1.0  0.091578947368421051
8  1.0  0.091578947368421051
9  1.0  0.10210526315789474
10  1.0  0.093684210526315786
1  0.32000000000000001  0.084210526315789472
2  0.90000000000000002  0.086315789473684207
3  1.0  0.10105263157894737
4  0.83999999999999997  0.096842105263157896
5  1.0  0.10210526315789474
6  1.0  0.091578947368421051
7  1.0  0.10000000000000001
8  1.0  0.10631578947368421
9  1.0  0.096842105263157896
10  1.0  0.10210526315789474
1  0.54000000000000004  0.098947368421052631
2  0.34000000000000002  0.097894736842105257
3  1.0  0.10631578947368421
4  1.0  0.087368421052631581
5  0.90000000000000002  0.085263157894736846
6  1.0  0.080000000000000002
7  1.0  0.10842105263157895
8  1.0  0.1031578947368421
9  1.0  0.10947368421052632
10  1.0  0.095789473684210522
1  0.52000000000000002  0.1031578947368421
2  0.76000000000000001  0.10631578947368421
3  0.64000000000000001  0.090526315789473691
4  1.0  0.097894736842105257
5  0.97999999999999998  0.092631578947368426
6  0.85999999999999999  0.097894736842105257
7  1.0  0.095789473684210522
8  1.0  0.094736842105263161
9  1.0  0.10947368421052632
10  0.93999999999999995  0.096842105263157896
1  1.0  0.1031578947368421
2  1.0  0.11052631578947368
3  0.54000000000000004  0.1031578947368421
4  0.93999999999999995  0.098947368421052631
5  1.0  0.1031578947368421
6  1.0  0.087368421052631581
7  0.93999999999999995  0.098947368421052631
8  1.0  0.11052631578947368
9  1.0  0.097894736842105257
10  1.0  0.11368421052631579
1  1.0  0.089473684210526316
2  0.97999999999999998  0.097894736842105257
3  1.0  0.10526315789473684
4  0.88  0.10210526315789474
5  1.0  0.095789473684210522
6  1.0  0.11368421052631579
7  1.0  0.096842105263157896
8  1.0  0.10842105263157895
9  1.0  0.098947368421052631
10  1.0  0.093684210526315786
1  0.29999999999999999  0.10526315789473684
2  1.0  0.10947368421052632
3  0.97999999999999998  0.10105263157894737
4  1.0  0.10421052631578948
5  1.0  0.10105263157894737
6  1.0  0.10842105263157895
7  1.0  0.10000000000000001
8  1.0  0.091578947368421051
9  1.0  0.096842105263157896
10  1.0  0.096842105263157896
1  0.62  0.10000000000000001
2  0.38  0.10526315789473684
3  0.90000000000000002  0.10842105263157895
4  0.93999999999999995  0.088421052631578942
5  0.90000000000000002  0.093684210526315786
6  0.97999999999999998  0.090526315789473691
7  1.0  0.10736842105263159
8  1.0  0.098947368421052631
9  0.97999999999999998  0.083157894736842111
10  1.0  0.094736842105263161
1  0.40000000000000002  0.091578947368421051
2  0.35999999999999999  0.083157894736842111
3  0.92000000000000004  0.10842105263157895
4  1.0  0.10105263157894737
5  0.95999999999999996  0.10842105263157895
6  1.0  0.11052631578947368
7  1.0  0.089473684210526316
8  0.81999999999999995  0.085263157894736846
9  1.0  0.083157894736842111
10  1.0  0.098947368421052631
1  0.88  0.10000000000000001
2  1.0  0.10000000000000001
3  1.0  0.087368421052631581
4  1.0  0.093684210526315786
5  0.93999999999999995  0.098947368421052631
6  0.57999999999999996  0.096842105263157896
7  1.0  0.077894736842105267
8  1.0  0.098947368421052631
9  1.0  0.10526315789473684
10  1.0  0.097894736842105257
1  0.95999999999999996  0.093684210526315786
2  0.90000000000000002  0.097894736842105257
3  0.76000000000000001  0.096842105263157896
4  1.0  0.10105263157894737
5  0.95999999999999996  0.084210526315789472
6  0.83999999999999997  0.094736842105263161
7  1.0  0.10105263157894737
8  1.0  0.086315789473684207
9  1.0  0.096842105263157896
10  1.0  0.097894736842105257
1  0.54000000000000004  0.10526315789473684
2  1.0  0.098947368421052631
3  1.0  0.089473684210526316
4  0.69999999999999996  0.070526315789473687
5  1.0  0.10736842105263159
6  1.0  0.091578947368421051
7  1.0  0.10421052631578948
8  1.0  0.1031578947368421
9  1.0  0.085263157894736846
10  1.0  0.10736842105263159
1  0.69999999999999996  0.097894736842105257
2  1.0  0.10000000000000001
3  0.85999999999999999  0.10210526315789474
4  1.0  0.11263157894736842
5  0.97999999999999998  0.097894736842105257
6  1.0  0.10000000000000001
7  1.0  0.092631578947368426
8  1.0  0.10105263157894737
9  1.0  0.098947368421052631
10  1.0  0.10947368421052632
1  1.0  0.091578947368421051
2  1.0  0.086315789473684207
3  0.59999999999999998  0.10526315789473684
4  0.57999999999999996  0.10000000000000001
5  1.0  0.090526315789473691
6  1.0  0.098947368421052631
7  1.0  0.10210526315789474
8  1.0  0.085263157894736846
9  1.0  0.091578947368421051
10  1.0  0.088421052631578942
1  0.34000000000000002  0.097894736842105257
2  0.68000000000000005  0.089473684210526316
3  1.0  0.10105263157894737
4  0.80000000000000004  0.088421052631578942
5  1.0  0.096842105263157896
6  1.0  0.12210526315789473
7  1.0  0.098947368421052631
8  1.0  0.10000000000000001
9  1.0  0.10105263157894737
10  1.0  0.10526315789473684
1  0.35999999999999999  0.10526315789473684
2  0.68000000000000005  0.098947368421052631
3  0.69999999999999996  0.1168421052631579
4  1.0  0.095789473684210522
5  1.0  0.10210526315789474
6  1.0  0.092631578947368426
7  1.0  0.10947368421052632
8  0.95999999999999996  0.10842105263157895
9  1.0  0.098947368421052631
10  1.0  0.096842105263157896
1  0.47999999999999998  0.1031578947368421
2  1.0  0.11473684210526315
3  1.0  0.10210526315789474
4  0.76000000000000001  0.093684210526315786
5  0.69999999999999996  0.074736842105263157
6  1.0  0.094736842105263161
7  1.0  0.10210526315789474
8  0.97999999999999998  0.095789473684210522
9  1.0  0.098947368421052631
10  1.0  0.088421052631578942
1  0.83999999999999997  0.092631578947368426
2  0.5  0.097894736842105257
3  1.0  0.090526315789473691
4  1.0  0.084210526315789472
5  0.95999999999999996  0.098947368421052631
6  1.0  0.093684210526315786
7  1.0  0.094736842105263161
8  1.0  0.1031578947368421
9  1.0  0.10000000000000001
10  1.0  0.088421052631578942
1  1.0  0.10000000000000001
2  0.76000000000000001  0.10947368421052632
3  1.0  0.097894736842105257
4  1.0  0.095789473684210522
5  1.0  0.096842105263157896
6  1.0  0.1031578947368421
7  1.0  0.10105263157894737
8  1.0  0.10000000000000001
9  1.0  0.10210526315789474
10  1.0  0.090526315789473691
1  1.0  0.094736842105263161
2  0.66000000000000003  0.10210526315789474
3  1.0  0.088421052631578942
4  0.68000000000000005  0.10105263157894737
5  1.0  0.10736842105263159
6  1.0  0.11368421052631579
7  1.0  0.1031578947368421
8  1.0  0.098947368421052631
9  0.90000000000000002  0.10526315789473684
10  1.0  0.1031578947368421
1  0.41999999999999998  0.092631578947368426
2  0.97999999999999998  0.12526315789473685
3  1.0  0.075789473684210532
4  1.0  0.096842105263157896
5  1.0  0.091578947368421051
6  1.0  0.10736842105263159
7  1.0  0.094736842105263161
8  1.0  0.077894736842105267
9  1.0  0.092631578947368426
10  1.0  0.097894736842105257
1  0.59999999999999998  0.088421052631578942
2  0.81999999999999995  0.093684210526315786
3  0.69999999999999996  0.086315789473684207
4  1.0  0.10000000000000001
5  1.0  0.097894736842105257
6  1.0  0.10842105263157895
7  0.97999999999999998  0.11789473684210526
8  1.0  0.098947368421052631
9  1.0  0.074736842105263157
10  1.0  0.10000000000000001
1  1.0  0.091578947368421051
2  0.97999999999999998  0.098947368421052631
3  1.0  0.10421052631578948
4  1.0  0.087368421052631581
5  1.0  0.10947368421052632
6  1.0  0.10842105263157895
7  1.0  0.10526315789473684
8  1.0  0.093684210526315786
9  0.83999999999999997  0.095789473684210522
10  0.93999999999999995  0.10105263157894737
1  1.0  0.10736842105263159
2  0.41999999999999998  0.10631578947368421
3  1.0  0.098947368421052631
4  1.0  0.10842105263157895
5  1.0  0.10631578947368421
6  1.0  0.080000000000000002
7  1.0  0.10947368421052632
8  1.0  0.084210526315789472
9  1.0  0.10210526315789474
10  0.95999999999999996  0.097894736842105257
1  0.97999999999999998  0.12315789473684211
2  0.62  0.080000000000000002
3  1.0  0.10210526315789474
4  1.0  0.11473684210526315
5  1.0  0.092631578947368426
6  1.0  0.10105263157894737
7  1.0  0.097894736842105257
8  1.0  0.085263157894736846
9  1.0  0.095789473684210522
10  1.0  0.093684210526315786
1  0.88  0.10947368421052632
2  0.54000000000000004  0.10947368421052632
3  1.0  0.10631578947368421
4  0.95999999999999996  0.094736842105263161
5  0.95999999999999996  0.093684210526315786
6  1.0  0.095789473684210522
7  1.0  0.094736842105263161
8  1.0  0.1168421052631579
9  1.0  0.095789473684210522
10  1.0  0.10421052631578948
1  0.97999999999999998  0.11473684210526315
2  0.56000000000000005  0.10105263157894737
3  0.97999999999999998  0.097894736842105257
4  0.97999999999999998  0.1031578947368421
5  0.78000000000000003  0.10736842105263159
6  1.0  0.10000000000000001
7  0.73999999999999999  0.094736842105263161
8  1.0  0.092631578947368426
9  1.0  0.098947368421052631
10  1.0  0.10947368421052632
1  0.52000000000000002  0.11473684210526315
2  0.97999999999999998  0.10736842105263159
3  1.0  0.086315789473684207
4  1.0  0.093684210526315786
5  1.0  0.10631578947368421
6  1.0  0.1031578947368421
7  1.0  0.087368421052631581
8  1.0  0.094736842105263161
9  1.0  0.10000000000000001
10  1.0  0.11157894736842106
1  0.85999999999999999  0.094736842105263161
2  0.95999999999999996  0.10842105263157895
3  1.0  0.10736842105263159
4  0.97999999999999998  0.11578947368421053
5  0.56000000000000005  0.071578947368421048
6  1.0  0.11052631578947368
7  1.0  0.11368421052631579
8  1.0  0.090526315789473691
9  1.0  0.093684210526315786
10  1.0  0.094736842105263161
1  1.0  0.097894736842105257
2  1.0  0.098947368421052631
3  0.41999999999999998  0.097894736842105257
4  0.68000000000000005  0.10631578947368421
5  0.97999999999999998  0.084210526315789472
6  0.95999999999999996  0.098947368421052631
7  1.0  0.096842105263157896
8  1.0  0.11473684210526315
9  1.0  0.092631578947368426
10  1.0  0.097894736842105257
1  0.40000000000000002  0.083157894736842111
2  0.73999999999999999  0.094736842105263161
3  0.80000000000000004  0.096842105263157896
4  1.0  0.081052631578947362
5  0.80000000000000004  0.10526315789473684
6  0.97999999999999998  0.095789473684210522
7  1.0  0.1031578947368421
8  1.0  0.10736842105263159
9  1.0  0.090526315789473691
10  1.0  0.11473684210526315
1  0.81999999999999995  0.087368421052631581
2  0.97999999999999998  0.10105263157894737
3  1.0  0.10631578947368421
4  0.93999999999999995  0.11052631578947368
5  1.0  0.091578947368421051
6  1.0  0.10631578947368421
7  1.0  0.085263157894736846
8  0.97999999999999998  0.10842105263157895
9  1.0  0.10421052631578948
10  1.0  0.095789473684210522
1  0.46000000000000002  0.095789473684210522
2  1.0  0.087368421052631581
3  0.76000000000000001  0.095789473684210522
4  1.0  0.087368421052631581
5  1.0  0.087368421052631581
6  1.0  0.081052631578947362
7  1.0  0.084210526315789472
8  1.0  0.096842105263157896
9  1.0  0.10210526315789474
10  1.0  0.089473684210526316
1  0.32000000000000001  0.088421052631578942
2  0.95999999999999996  0.1168421052631579
3  1.0  0.1031578947368421
4  1.0  0.094736842105263161
5  1.0  0.10526315789473684
6  1.0  0.096842105263157896
7  1.0  0.095789473684210522
8  1.0  0.10631578947368421
9  1.0  0.097894736842105257
10  1.0  0.10736842105263159
1  0.88  0.081052631578947362
2  0.41999999999999998  0.088421052631578942
3  1.0  0.085263157894736846
4  0.64000000000000001  0.092631578947368426
5  0.69999999999999996  0.10736842105263159
6  1.0  0.094736842105263161
7  1.0  0.082105263157894737
8  1.0  0.10210526315789474
9  1.0  0.10736842105263159
10  0.97999999999999998  0.091578947368421051
1  0.56000000000000005  0.095789473684210522
2  1.0  0.096842105263157896
3  1.0  0.096842105263157896
4  0.62  0.083157894736842111
5  0.68000000000000005  0.11052631578947368
6  1.0  0.096842105263157896
7  1.0  0.094736842105263161
8  1.0  0.091578947368421051
9  1.0  0.085263157894736846
10  1.0  0.087368421052631581
1  0.97999999999999998  0.090526315789473691
2  0.64000000000000001  0.094736842105263161
3  0.68000000000000005  0.088421052631578942
4  0.95999999999999996  0.095789473684210522
5  0.52000000000000002  0.090526315789473691
6  1.0  0.089473684210526316
7  1.0  0.10631578947368421
8  1.0  0.081052631578947362
9  1.0  0.10736842105263159
10  1.0  0.10842105263157895
1  0.88  0.10000000000000001
2  0.92000000000000004  0.081052631578947362
3  1.0  0.086315789473684207
4  0.93999999999999995  0.10736842105263159
5  1.0  0.094736842105263161
6  1.0  0.093684210526315786
7  0.97999999999999998  0.10210526315789474
8  1.0  0.089473684210526316
9  1.0  0.083157894736842111
10  0.97999999999999998  0.10526315789473684
1  1.0  0.11578947368421053
2  0.54000000000000004  0.10421052631578948
3  1.0  0.096842105263157896
4  0.56000000000000005  0.086315789473684207
5  1.0  0.093684210526315786
6  1.0  0.10526315789473684
7  1.0  0.088421052631578942
8  1.0  0.087368421052631581
9  0.81999999999999995  0.087368421052631581
10  1.0  0.095789473684210522
1  0.78000000000000003  0.10421052631578948
2  0.35999999999999999  0.083157894736842111
3  0.97999999999999998  0.093684210526315786
4  1.0  0.085263157894736846
5  1.0  0.096842105263157896
6  1.0  0.088421052631578942
7  1.0  0.086315789473684207
8  1.0  0.11157894736842106
9  0.93999999999999995  0.085263157894736846
10  1.0  0.093684210526315786
1  0.95999999999999996  0.10210526315789474
2  0.56000000000000005  0.086315789473684207
3  1.0  0.096842105263157896
4  1.0  0.093684210526315786
5  1.0  0.096842105263157896
6  0.95999999999999996  0.095789473684210522
7  1.0  0.096842105263157896
8  1.0  0.10000000000000001
9  1.0  0.093684210526315786
10  1.0  0.093684210526315786
1  0.35999999999999999  0.093684210526315786
2  0.88  0.10210526315789474
3  0.76000000000000001  0.085263157894736846
4  1.0  0.087368421052631581
5  1.0  0.092631578947368426
6  0.97999999999999998  0.094736842105263161
7  1.0  0.097894736842105257
8  1.0  0.096842105263157896
9  1.0  0.081052631578947362
10  1.0  0.10000000000000001
1  0.44  0.095789473684210522
2  0.52000000000000002  0.10421052631578948
3  1.0  0.091578947368421051
4  0.83999999999999997  0.098947368421052631
5  0.97999999999999998  0.10000000000000001
6  0.88  0.10210526315789474
7  1.0  0.10000000000000001
8  1.0  0.10210526315789474
9  1.0  0.10000000000000001
10  1.0  0.092631578947368426
1  0.38  0.092631578947368426
2  0.47999999999999998  0.10947368421052632
3  1.0  0.10736842105263159
4  1.0  0.089473684210526316
5  1.0  0.10526315789473684
6  0.92000000000000004  0.10421052631578948
7  1.0  0.084210526315789472
8  1.0  0.10421052631578948
9  1.0  0.096842105263157896
10  1.0  0.1031578947368421
1  0.95999999999999996  0.090526315789473691
2  0.81999999999999995  0.087368421052631581
3  1.0  0.091578947368421051
4  1.0  0.10736842105263159
5  0.85999999999999999  0.1031578947368421
6  1.0  0.088421052631578942
7  1.0  0.10421052631578948
8  1.0  0.084210526315789472
9  1.0  0.10105263157894737
10  1.0  0.081052631578947362
1  1.0  0.096842105263157896
2  0.64000000000000001  0.10105263157894737
3  0.88  0.10526315789473684
4  0.97999999999999998  0.10000000000000001
5  1.0  0.10421052631578948
6  1.0  0.10421052631578948
7  1.0  0.098947368421052631
8  1.0  0.098947368421052631
9  1.0  0.10842105263157895
10  1.0  0.10421052631578948
1  0.32000000000000001  0.10526315789473684
2  0.57999999999999996  0.10631578947368421
3  1.0  0.097894736842105257
4  0.92000000000000004  0.092631578947368426
5  1.0  0.10105263157894737
6  1.0  0.091578947368421051
7  1.0  0.10526315789473684
8  1.0  0.098947368421052631
9  1.0  0.089473684210526316
10  1.0  0.10842105263157895
1  0.41999999999999998  0.10631578947368421
2  1.0  0.093684210526315786
3  0.80000000000000004  0.10421052631578948
4  1.0  0.097894736842105257
5  1.0  0.10210526315789474
6  1.0  0.089473684210526316
7  1.0  0.097894736842105257
8  1.0  0.086315789473684207
9  1.0  0.090526315789473691
10  1.0  0.10000000000000001
1  0.62  0.10105263157894737
2  0.44  0.095789473684210522
3  1.0  0.091578947368421051
4  1.0  0.090526315789473691
5  1.0  0.083157894736842111
6  1.0  0.10736842105263159
7  1.0  0.10210526315789474
8  1.0  0.10526315789473684
9  1.0  0.083157894736842111
10  1.0  0.1031578947368421
1  0.90000000000000002  0.1031578947368421
2  0.73999999999999999  0.095789473684210522
3  0.78000000000000003  0.090526315789473691
4  1.0  0.094736842105263161
5  1.0  0.10947368421052632
6  0.92000000000000004  0.098947368421052631
7  1.0  0.10526315789473684
8  1.0  0.094736842105263161
9  1.0  0.11578947368421053
10  1.0  0.087368421052631581
