0.01  0.0  0.0
0.02  0.0  0.0
0.03  0.0  0.0
0.04  0.0  0.0
0.05  0.0  0.0
0.06  0.0  0.0
0.07  0.0  0.0
0.08  0.0  0.0
0.09  0.0  0.0
0.1  0.0  0.0
0.01  0.0  0.0
0.02  0.0  0.0
0.03  0.0  0.0
0.04  0.0  0.0
0.05  0.0  0.0
0.06  0.0  0.0
0.07  0.0  0.0
0.08  0.0  0.0
0.09  0.0  0.0
0.1  0.0  0.0
0.01  0.0  0.0
0.02  0.0  0.0
0.03  0.0  0.0
0.04  0.0  0.0
0.05  0.0  0.0
0.06  0.0  0.0
0.07  0.0  0.0
0.08  0.0  0.0
0.09  0.0  0.0
0.1  0.0  0.0
0.01  0.0  0.0
0.02  0.0  0.0
0.03  0.0  0.0
0.04  0.0  0.0
0.05  0.0  0.0
0.06  0.0  0.0
0.07  0.0  0.0
0.08  0.0  0.0
0.09  0.0  0.0
0.1  0.0  0.0
0.01  0.0  0.0
0.02  0.0  0.0
0.03  0.0  0.0
0.04  0.0  0.0
0.05  0.0  0.0
0.06  0.0  0.0
0.07  0.0  0.0
0.08  0.0  0.0
0.09  0.0  0.0
0.1  0.0  0.0
0.01  0.0  0.0
0.02  0.0  0.0
0.03  0.0  0.0
0.04  0.0  0.0
0.05  0.0  0.0
0.06  0.0  0.0
0.07  0.0  0.0
0.08  0.0  0.0
0.09  0.0  0.0
0.1  0.0  0.0
0.01  0.0  0.0
0.02  0.0  0.0
0.03  0.0  0.0
0.04  0.0  0.0
0.05  0.0  0.0
0.06  0.0  0.0
0.07  0.0  0.0
0.08  0.0  0.0
0.09  0.0  0.0
0.1  0.0  0.0
0.01  0.0  0.0
0.02  0.0  0.0
0.03  0.0  0.0
0.04  0.0  0.0
0.05  0.0  0.0
0.06  0.0  0.0
0.07  0.0  0.0
0.08  0.0  0.0
0.09  0.0  0.0
0.1  0.0  0.0
0.01  0.0  0.0
0.02  0.0  0.0
0.03  0.33333333333333331  0.0
0.04  0.0  0.0
0.05  0.0  0.0
0.06  0.0  0.0
0.07  0.0  0.0
0.08  0.0  0.0
0.09  0.0  0.0
0.1  0.0  0.0
0.01  0.0  0.0
0.02  0.0  0.0
0.03  0.0  0.0
0.04  0.0  0.0
0.05  0.0  0.0
0.06  0.0  0.0
0.07  0.14285714285714285  0.0
0.08  0.0  0.0
0.09  0.0  0.0
0.1  0.0  0.0
0.01  0.0  0.0
0.02  0.0  0.0
0.03  0.0  0.0
0.04  0.0  0.0
0.05  0.0  0.0
0.06  0.0  0.0
0.07  0.0  0.0
0.08  0.0  0.0
0.09  0.0  0.0
0.1  0.29999999999999999  0.0
0.01  0.0  0.0
0.02  0.0  0.0
0.03  0.0  0.0
0.04  0.0  0.0
0.05  0.0  0.0
0.06  0.0  0.0
0.07  0.0  0.0
0.08  0.0  0.0
0.09  0.0  0.0
0.1  0.0  0.0
0.01  0.0  0.0
0.02  0.0  0.0
0.03  0.0  0.0
0.04  0.0  0.0
0.05  0.0  0.0
0.06  0.0  0.0
0.07  0.0  0.0
0.08  0.0  0.0
0.09  0.0  0.0
0.1  0.0  0.0
0.01  0.0  0.0
0.02  0.0  0.0
0.03  0.0  0.0
0.04  0.0  0.0
0.05  0.0  0.0
0.06  0.0  0.0
0.07  0.0  0.0
0.08  0.0  0.0
0.09  0.0  0.0
0.1  0.0  0.0
0.01  0.0  0.0
0.02  0.5  0.0
0.03  0.0  0.0
0.04  0.0  0.0
0.05  0.0  0.0
0.06  0.0  0.0
0.07  0.0  0.0
0.08  0.0  0.0
0.09  0.0  0.0
0.1  0.0  0.0
0.01  0.0  0.0
0.02  0.0  0.0
0.03  0.0  0.0
0.04  0.0  0.0
0.05  0.0  0.0
0.06  0.0  0.0
0.07  0.0  0.0
0.08  0.0  0.0
0.09  0.0  0.0
0.1  0.10000000000000001  0.0
0.01  0.0  0.0
0.02  0.0  0.0
0.03  0.0  0.0
0.04  0.0  0.0
0.05  0.0  0.0
0.06  0.0  0.0
0.07  0.0  0.0
0.08  0.0  0.0
0.09  0.0  0.0
0.1  0.0  0.0
0.01  0.0  0.0
0.02  0.0  0.0
0.03  0.0  0.0
0.04  0.0  0.0
0.05  0.0  0.0
0.06  0.0  0.0
0.07  0.0  0.0
0.08  0.0  0.0
0.09  0.0  0.0
0.1  0.0  0.0
0.01  0.0  0.0
0.02  0.0  0.0
0.03  0.0  0.0
0.04  0.0  0.0
0.05  0.0  0.0
0.06  0.0  0.0
0.07  0.0  0.0
0.08  0.0  0.0
0.09  0.0  0.0
0.1  0.0  0.0
0.01  0.0  0.0
0.02  0.0  0.0
0.03  0.0  0.0
0.04  0.0  0.0
0.05  0.0  0.0
0.06  0.0  0.0
0.07  0.0  0.0
0.08  0.0  0.0
0.09  0.0  0.0
0.1  0.0  0.0
0.01  0.0  0.0
0.02  0.0  0.0
0.03  0.0  0.0
0.04  0.0  0.0
0.05  0.0  0.0
0.06  0.0  0.0
0.07  0.0  0.0
0.08  0.0  0.0
0.09  0.0  0.0
0.1  0.0  0.0
0.01  0.0  0.0
0.02  0.0  0.0
0.03  0.0  0.0
0.04  0.0  0.0
0.05  0.0  0.0
0.06  0.0  0.0
0.07  0.0  0.0
0.08  0.0  0.0
0.09  0.0  0.0
0.1  0.0  0.0
0.01  0.0  0.0
0.02  0.0  0.0
0.03  0.0  0.0
0.04  0.0  0.0
0.05  0.0  0.0
0.06  0.0  0.0
0.07  0.0  0.0
0.08  0.0  0.0
0.09  0.0  0.0
0.1  0.0  0.0
0.01  0.0  0.0
0.02  0.0  0.0
0.03  0.0  0.0
0.04  0.0  0.0
0.05  0.0  0.0
0.06  0.0  0.0
0.07  0.0  0.0
0.08  0.0  0.0
0.09  0.0  0.0
0.1  0.0  0.0
0.01  0.0  0.0
0.02  0.0  0.0
0.03  0.0  0.0
0.04  0.0  0.0
0.05  0.0  0.0
0.06  0.16666666666666666  0.0
0.07  0.0  0.0
0.08  0.0  0.0
0.09  0.0  0.0
0.1  0.0  0.0
0.01  0.0  0.0
0.02  0.0  0.0
0.03  0.0  0.0
0.04  0.0  0.0
0.05  0.0  0.0
0.06  0.0  0.0
0.07  0.0  0.0
0.08  0.0  0.0
0.09  0.1111111111111111  0.0
0.1  0.0  0.0
0.01  0.0  0.0
0.02  0.0  0.0
0.03  0.0  0.0
0.04  0.0  0.0
0.05  0.0  0.0
0.06  0.0  0.0
0.07  0.0  0.0
0.08  0.0  0.0
0.09  0.0  0.0
0.1  0.0  0.0
0.01  0.0  0.0
0.02  0.0  0.0
0.03  0.0  0.0
0.04  0.0  0.0
0.05  0.0  0.0
0.06  0.0  0.0
0.07  0.0  0.0
0.08  0.0  0.0
0.09  0.0  0.0
0.1  0.0  0.0
0.01  1.0  0.0
0.02  0.0  0.0
0.03  0.0  0.0
0.04  0.0  0.0
0.05  0.0  0.0
0.06  0.0  0.0
0.07  0.0  0.0
0.08  0.0  0.0
0.09  0.0  0.0
0.1  0.0  0.0
0.01  0.0  0.0
0.02  0.0  0.0
0.03  0.0  0.0
0.04  0.0  0.0
0.05  0.0  0.0
0.06  0.0  0.0
0.07  0.0  0.0
0.08  0.0  0.0
0.09  0.0  0.0
0.1  0.0  0.0
0.01  0.0  0.0
0.02  0.0  0.0
0.03  0.0  0.0
0.04  0.0  0.0
0.05  0.0  0.0
0.06  0.0  0.0
0.07  0.0  0.0
0.08  0.0  0.0
0.09  0.0  0.0
0.1  0.0  0.0
0.01  0.0  0.0
0.02  0.0  0.0
0.03  0.0  0.0
0.04  0.0  0.0
0.05  0.0  0.0
0.06  0.0  0.0
0.07  0.0  0.0
0.08  0.0  0.0
0.09  0.1111111111111111  0.0
0.1  0.0  0.0
0.01  0.0  0.0
0.02  0.0  0.0
0.03  0.0  0.0
0.04  0.0  0.0
0.05  0.0  0.0
0.06  0.0  0.0
0.07  0.0  0.0
0.08  0.0  0.0
0.09  0.0  0.0
0.1  0.0  0.0
0.01  0.0  0.0
0.02  0.0  0.0
0.03  0.0  0.0
0.04  0.0  0.0
0.05  0.20000000000000001  0.0
0.06  0.0  0.0
0.07  0.0  0.0
0.08  0.0  0.0
0.09  0.0  0.0
0.1  0.0  0.0
0.01  0.0  0.0
0.02  0.0  0.0
0.03  0.0  0.0
0.04  0.0  0.0
0.05  0.0  0.0
0.06  0.0  0.0
0.07  0.0  0.0
0.08  0.0  0.0
0.09  0.0  0.0
0.1  0.0  0.0
0.01  0.0  0.0
0.02  0.0  0.0
0.03  0.0  0.0
0.04  0.0  0.0
0.05  0.0  0.0
0.06  0.0  0.0
0.07  0.0  0.0
0.08  0.0  0.0
0.09  0.0  0.0
0.1  0.0  0.0
0.01  0.0  0.0
0.02  0.0  0.0
0.03  0.0  0.0
0.04  0.0  0.0
0.05  0.0  0.0
0.06  0.0  0.0
0.07  0.0  0.0
0.08  0.0  0.0
0.09  0.0  0.0
0.1  0.0  0.0
0.01  0.0  0.0
0.02  0.0  0.0
0.03  0.0  0.0
0.04  0.0  0.0
0.05  0.0  0.0
0.06  0.0  0.0
0.07  0.0  0.0
0.08  0.0  0.0
0.09  0.22222222222222221  0.0
0.1  0.0  0.0
0.01  0.0  0.0
0.02  0.0  0.0
0.03  0.0  0.0
0.04  0.0  0.0
0.05  0.0  0.0
0.06  0.0  0.0
0.07  0.0  0.0
0.08  0.0  0.0
0.09  0.0  0.0
0.1  0.0  0.0
0.01  0.0  0.0
0.02  0.0  0.0
0.03  0.0  0.0
0.04  0.0  0.0
0.05  0.0  0.0
0.06  0.0  0.0
0.07  0.0  0.0
0.08  0.0  0.0
0.09  0.0  0.0
0.1  0.0  0.0
0.01  0.0  0.0
0.02  0.0  0.0
0.03  0.0  0.0
0.04  0.0  0.0
0.05  0.0  0.0
0.06  0.0  0.0
0.07  0.0  0.0
0.08  0.0  0.0
0.09  0.0  0.0
0.1  0.0  0.0
0.01  0.0  0.0
0.02  0.0  0.0
0.03  0.0  0.0
0.04  0.0  0.0
0.05  0.0  0.0
0.06  0.0  0.0
0.07  0.0  0.0
0.08  0.0  0.0
0.09  0.0  0.0
0.1  0.0  0.0
0.01  0.0  0.0
0.02  0.0  0.0
0.03  0.0  0.0
0.04  0.0  0.0
0.05  0.0  0.0
0.06  0.0  0.0
0.07  0.0  0.0
0.08  0.0  0.0
0.09  0.0  0.0
0.1  0.0  0.0
0.01  0.0  0.0
0.02  0.0  0.0
0.03  0.0  0.0
0.04  0.0  0.0
0.05  0.0  0.0
0.06  0.0  0.0
0.07  0.0  0.0
0.08  0.0  0.0
0.09  0.0  0.0
0.1  0.0  0.0
0.01  0.0  0.0
0.02  0.0  0.0
0.03  0.0  0.0
0.04  0.0  0.0
0.05  0.20000000000000001  0.0
0.06  0.0  0.0
0.07  0.0  0.0
0.08  0.0  0.0
0.09  0.0  0.0
0.1  0.0  0.0
0.01  0.0  0.0
0.02  0.0  0.0
0.03  0.0  0.0
0.04  0.0  0.0
0.05  0.0  0.0
0.06  0.0  0.0
0.07  0.0  0.0
0.08  0.0  0.0
0.09  0.0  0.0
0.1  0.0  0.0
0.01  0.0  0.0
0.02  0.0  0.0
0.03  0.0  0.0
0.04  0.0  0.0
0.05  0.0  0.0
0.06  0.0  0.0
0.07  0.0  0.0
0.08  0.0  0.0
0.09  0.0  0.0
0.1  0.0  0.0
0.01  0.0  0.0
0.02  0.0  0.0
0.03  0.0  0.0
0.04  0.0  0.0
0.05  0.0  0.0
0.06  0.0  0.0
0.07  0.0  0.0
0.08  0.0  0.0
0.09  0.0  0.0
0.1  0.0  0.0
0.01  0.0  0.0
0.02  0.0  0.0
0.03  0.0  0.0
0.04  0.0  0.0
0.05  0.0  0.0
0.06  0.0  0.0
0.07  0.0  0.0
0.08  0.0  0.0
0.09  0.0  0.0
0.1  0.0  0.0
0.01  0.0  0.0
0.02  0.0  0.0
0.03  0.0  0.0
0.04  0.0  0.0
0.05  0.0  0.0
0.06  0.0  0.0
0.07  0.0  0.0
0.08  0.0  0.0
0.09  0.0  0.0
0.1  0.0  0.0
0.01  0.0  0.0
0.02  0.0  0.0
0.03  0.0  0.0
0.04  0.0  0.0
0.05  0.0  0.0
0.06  0.0  0.0
0.07  0.0  0.0
0.08  0.0  0.0
0.09  0.0  0.0
0.1  0.0  0.0
0.01  0.0  0.0
0.02  0.0  0.0
0.03  0.0  0.0
0.04  0.0  0.0
0.05  0.0  0.0
0.06  0.0  0.0
0.07  0.0  0.0
0.08  0.0  0.0
0.09  0.0  0.0
0.1  0.0  0.0
0.01  0.0  0.0
0.02  0.0  0.0
0.03  0.0  0.0
0.04  0.0  0.0
0.05  0.0  0.0
0.06  0.0  0.0
0.07  0.0  0.0
0.08  0.0  0.0
0.09  0.0  0.0
0.1  0.0  0.0
0.01  0.0  0.0
0.02  0.0  0.0
0.03  0.0  0.0
0.04  0.0  0.0
0.05  0.0  0.0
0.06  0.0  0.0
0.07  0.0  0.0
0.08  0.0  0.0
0.09  0.0  0.0
0.1  0.0  0.0
0.01  0.0  0.0
0.02  0.0  0.0
0.03  0.0  0.0
0.04  0.0  0.0
0.05  0.0  0.0
0.06  0.0  0.0
0.07  0.0  0.0
0.08  0.0  0.0
0.09  0.0  0.0
0.1  0.0  0.0
0.01  0.0  0.0
0.02  0.0  0.0
0.03  0.0  0.0
0.04  0.0  0.0
0.05  0.0  0.0
0.06  0.0  0.0
0.07  0.0  0.0
0.08  0.0  0.0
0.09  0.0  0.0
0.1  0.0  0.0
0.01  0.0  0.0
0.02  0.0  0.0
0.03  0.0  0.0
0.04  0.0  0.0
0.05  0.0  0.0
0.06  0.0  0.0
0.07  0.0  0.0
0.08  0.0  0.0
0.09  0.0  0.0
0.1  0.0  0.0
0.01  0.0  0.0
0.02  0.0  0.0
0.03  0.0  0.0
0.04  0.0  0.0
0.05  0.0  0.0
0.06  0.16666666666666666  0.0
0.07  0.0  0.0
0.08  0.0  0.0
0.09  0.0  0.0
0.1  0.0  0.0
0.01  0.0  0.0
0.02  0.0  0.0
0.03  0.0  0.0
0.04  0.0  0.0
0.05  0.0  0.0
0.06  0.0  0.0
0.07  0.0  0.0
0.08  0.0  0.0
0.09  0.0  0.0
0.1  0.0  0.0
0.01  0.0  0.0
0.02  0.0  0.0
0.03  0.0  0.0
0.04  0.0  0.0
0.05  0.0  0.0
0.06  0.0  0.0
0.07  0.5714285714285714  0.0
0.08  0.0  0.0
0.09  0.0  0.0
0.1  0.0  0.0
0.01  0.0  0.0
0.02  0.0  0.0
0.03  0.0  0.0
0.04  0.0  0.0
0.05  0.0  0.0
0.06  0.0  0.0
0.07  0.0  0.0
0.08  0.0  0.0
0.09  0.0  0.0
0.1  0.0  0.0
0.01  0.0  0.0
0.02  0.0  0.0
0.03  0.0  0.0
0.04  0.0  0.0
0.05  0.0  0.0
0.06  0.0  0.0
0.07  0.0  0.0
0.08  0.0  0.0
0.09  0.0  0.0
0.1  0.0  0.0
0.01  0.0  0.0
0.02  0.0  0.0
0.03  0.0  0.0
0.04  0.0  0.0
0.05  0.0  0.0
0.06  0.0  0.0
0.07  0.0  0.0
0.08  0.0  0.0
0.09  0.0  0.0
0.1  0.0  0.0
0.01  0.0  0.0
0.02  0.0  0.0
0.03  0.0  0.0
0.04  0.0  0.0
0.05  0.0  0.0
0.06  0.0  0.0
0.07  0.0  0.0
0.08  0.0  0.0
0.09  0.0  0.0
0.1  0.0  0.0
0.01  0.0  0.0
0.02  0.0  0.0
0.03  0.0  0.0
0.04  0.0  0.0
0.05  0.0  0.0
0.06  0.0  0.0
0.07  0.0  0.0
0.08  0.0  0.0
0.09  0.0  0.0
0.1  0.0  0.0
0.01  0.0  0.0
0.02  0.0  0.0
0.03  0.0  0.0
0.04  0.0  0.0
0.05  0.0  0.0
0.06  0.0  0.0
0.07  0.0  0.0
0.08  0.0  0.0
0.09  0.0  0.0
0.1  0.0  0.0
0.01  0.0  0.0
0.02  0.0  0.0
0.03  0.0  0.0
0.04  0.0  0.0
0.05  0.0  0.0
0.06  0.0  0.0
0.07  0.0  0.0
0.08  0.0  0.0
0.09  0.0  0.0
0.1  0.0  0.0
0.01  0.0  0.0
0.02  0.0  0.0
0.03  0.0  0.0
0.04  0.0  0.0
0.05  0.0  0.0
0.06  0.0  0.0
0.07  0.0  0.0
0.08  0.0  0.0
0.09  0.0  0.0
0.1  0.0  0.0
0.01  0.0  0.0
0.02  0.0  0.0
0.03  0.0  0.0
0.04  0.0  0.0
0.05  0.0  0.0
0.06  0.0  0.0
0.07  0.0  0.0
0.08  0.0  0.0
0.09  0.0  0.0
0.1  0.0  0.0
0.01  0.0  0.0
0.02  0.0  0.0
0.03  0.0  0.0
0.04  0.0  0.0
0.05  0.0  0.0
0.06  0.0  0.0
0.07  0.0  0.0
0.08  0.625  0.0
0.09  0.0  0.0
0.1  0.0  0.0
0.01  0.0  0.0
0.02  0.0  0.0
0.03  0.0  0.0
0.04  0.0  0.0
0.05  0.0  0.0
0.06  0.0  0.0
0.07  0.0  0.0
0.08  0.0  0.0
0.09  0.0  0.0
0.1  0.0  0.0
0.01  0.0  0.0
0.02  0.0  0.0
0.03  0.0  0.0
0.04  0.0  0.0
0.05  0.0  0.0
0.06  0.0  0.0
0.07  0.0  0.0
0.08  0.0  0.0
0.09  0.0  0.0
0.1  0.0  0.0
0.01  0.0  0.0
0.02  0.0  0.0
0.03  0.0  0.0
0.04  0.0  0.0
0.05  0.0  0.0
0.06  0.0  0.0
0.07  0.0  0.0
0.08  0.0  0.0
0.09  0.0  0.0
0.1  0.0  0.0
0.01  0.0  0.0
0.02  0.0  0.0
0.03  0.0  0.0
0.04  0.0  0.0
0.05  0.0  0.0
0.06  0.0  0.0
0.07  0.0  0.0
0.08  0.0  0.0
0.09  0.0  0.0
0.1  0.0  0.0
0.01  0.0  0.0
0.02  0.0  0.0
0.03  0.0  0.0
0.04  0.0  0.0
0.05  0.0  0.0
0.06  0.0  0.0
0.07  0.0  0.0
0.08  0.0  0.0
0.09  0.1111111111111111  0.0
0.1  0.0  0.0
0.01  0.0  0.0
0.02  0.0  0.0
0.03  0.0  0.0
0.04  0.0  0.0
0.05  0.0  0.0
0.06  0.0  0.0
0.07  0.0  0.0
0.08  0.0  0.0
0.09  0.0  0.0
0.1  0.0  0.0
0.01  0.0  0.0
0.02  0.0  0.0
0.03  0.0  0.0
0.04  0.0  0.0
0.05  0.0  0.0
0.06  0.0  0.0
0.07  0.0  0.0
0.08  0.0  0.0
0.09  0.0  0.0
0.1  0.0  0.0
0.01  0.0  0.0
0.02  0.0  0.0
0.03  0.0  0.0
0.04  0.0  0.0
0.05  0.0  0.0
0.06  0.0  0.0
0.07  0.0  0.0
0.08  0.0  0.0
0.09  0.0  0.0
0.1  0.0  0.0
0.01  0.0  0.0
0.02  0.0  0.0
0.03  0.0  0.0
0.04  0.0  0.0
0.05  0.0  0.0
0.06  0.0  0.0
0.07  0.0  0.0
0.08  0.0  0.0
0.09  0.0  0.0
0.1  0.0  0.0
0.01  0.0  0.0
0.02  0.5  0.0
0.03  0.0  0.0
0.04  0.0  0.0
0.05  0.0  0.0
0.06  0.0  0.0
0.07  0.0  0.0
0.08  0.0  0.0
0.09  0.0  0.0
0.1  0.0  0.0
0.01  0.0  0.0
0.02  0.0  0.0
0.03  0.0  0.0
0.04  0.25  0.0
0.05  0.0  0.0
0.06  0.0  0.0
0.07  0.0  0.0
0.08  0.0  0.0
0.09  0.0  0.0
0.1  0.0  0.0
0.01  0.0  0.0
0.02  0.0  0.0
0.03  0.0  0.0
0.04  0.0  0.0
0.05  0.40000000000000002  0.0
0.06  0.0  0.0
0.07  0.0  0.0
0.08  0.0  0.0
0.09  0.0  0.0
0.1  0.0  0.0
0.01  0.0  0.0
0.02  0.0  0.0
0.03  0.0  0.0
0.04  0.0  0.0
0.05  0.0  0.0
0.06  0.0  0.0
0.07  0.0  0.0
0.08  0.0  0.0
0.09  0.0  0.0
0.1  0.0  0.0
0.01  0.0  0.0
0.02  0.0  0.0
0.03  0.0  0.0
0.04  0.0  0.0
0.05  0.0  0.0
0.06  0.0  0.0
0.07  0.0  0.0
0.08  0.0  0.0
0.09  0.0  0.0
0.1  0.0  0.0
0.01  0.0  0.0
0.02  0.0  0.0
0.03  0.0  0.0
0.04  0.0  0.0
0.05  0.0  0.0
0.06  0.0  0.0
0.07  0.0  0.0
0.08  0.0  0.0
0.09  0.0  0.0
0.1  0.0  0.0
0.01  0.0  0.0
0.02  0.0  0.0
0.03  0.0  0.0
0.04  0.0  0.0
0.05  0.0  0.0
0.06  0.0  0.0
0.07  0.0  0.0
0.08  0.0  0.0
0.09  0.0  0.0
0.1  0.0  0.0
0.01  0.0  0.0
0.02  0.5  0.0
0.03  0.33333333333333331  0.0
0.04  0.0  0.0
0.05  0.0  0.0
0.06  0.0  0.0
0.07  0.0  0.0
0.08  0.0  0.0
0.09  0.0  0.0
0.1  0.0  0.0
0.01  0.0  0.0
0.02  0.0  0.0
0.03  0.0  0.0
0.04  0.0  0.0
0.05  0.0  0.0
0.06  0.0  0.0
0.07  0.0  0.0
0.08  0.0  0.0
0.09  0.0  0.0
0.1  0.0  0.0
0.01  0.0  0.0
0.02  0.0  0.0
0.03  0.0  0.0
0.04  0.0  0.0
0.05  0.0  0.0
0.06  0.0  0.0
0.07  0.0  0.0
0.08  0.0  0.0
0.09  0.0  0.0
0.1  0.5  0.0
0.01  0.0  0.0
0.02  0.0  0.0
0.03  0.33333333333333331  0.0
0.04  0.0  0.0
0.05  0.0  0.0
0.06  0.0  0.0
0.07  0.0  0.0
0.08  0.0  0.0
0.09  0.0  0.0
0.1  0.0  0.0
0.01  0.0  0.0
0.02  0.0  0.0
0.03  0.0  0.0
0.04  0.0  0.0
0.05  0.0  0.0
0.06  0.0  0.0
0.07  0.0  0.0
0.08  0.0  0.0
0.09  0.0  0.0
0.1  0.0  0.0
0.01  0.0  0.0
0.02  0.0  0.0
0.03  0.0  0.0
0.04  0.0  0.0
0.05  0.0  0.0
0.06  0.0  0.0
0.07  0.0  0.0
0.08  0.0  0.0
0.09  0.0  0.0
0.1  0.0  0.0
0.01  0.0  0.0
0.02  0.0  0.0
0.03  0.0  0.0
0.04  0.0  0.0
0.05  0.0  0.0
0.06  0.0  0.0
0.07  0.0  0.0
0.08  0.0  0.0
0.09  0.0  0.0
0.1  0.0  0.0
0.01  0.0  0.0
0.02  0.0  0.0
0.03  0.33333333333333331  0.0
0.04  0.0  0.0
0.05  0.0  0.0
0.06  0.0  0.0
0.07  0.0  0.0
0.08  0.0  0.0
0.09  0.0  0.0
0.1  0.0  0.0
0.01  0.0  0.0
0.02  0.0  0.0
0.03  0.0  0.0
0.04  0.0  0.0
0.05  0.0  0.0
0.06  0.0  0.0
0.07  0.0  0.0
0.08  0.0  0.0
0.09  0.0  0.0
0.1  0.0  0.0
0.01  0.0  0.0
0.02  0.0  0.0
0.03  0.0  0.0
0.04  0.25  0.0
0.05  0.0  0.0
0.06  0.0  0.0
0.07  0.0  0.0
0.08  0.0  0.0
0.09  0.0  0.0
0.1  0.0  0.0
0.01  0.0  0.0
0.02  0.0  0.0
0.03  0.0  0.0
0.04  0.0  0.0
0.05  0.0  0.0
0.06  0.0  0.0
0.07  0.0  0.0
0.08  0.75  0.0
0.09  0.0  0.0
0.1  0.0  0.0
0.01  0.0  0.0
0.02  0.0  0.0
0.03  0.0  0.0
0.04  0.0  0.0
0.05  0.0  0.0
0.06  0.0  0.0
0.07  0.0  0.0
0.08  0.0  0.0
0.09  0.0  0.0
0.1  0.0  0.0
0.01  0.0  0.0
0.02  0.0  0.0
0.03  0.0  0.0
0.04  0.0  0.0
0.05  0.0  0.0
0.06  0.0  0.0
0.07  0.0  0.0
0.08  0.0  0.0
0.09  0.0  0.0
0.1  0.0  0.0
0.01  0.0  0.0
0.02  0.0  0.0
0.03  0.0  0.0
0.04  0.0  0.0
0.05  0.0  0.0
0.06  0.0  0.0
0.07  0.0  0.0
0.08  0.0  0.0
0.09  0.0  0.0
0.1  0.0  0.0
