2  1.0  0.0
3  0.27400000000000002  0.0
4  0.045999999999999999  0.0
5  0.99399999999999999  0.0
6  0.0  0.0
2  0.50800000000000001  0.0
3  0.0  0.0
4  0.38  0.0
5  0.053999999999999999  0.0
6  0.0  0.0
2  0.0080000000000000002  0.0
3  0.0  0.0
4  1.0  0.0
5  1.0  0.0
6  0.0  0.0
2  1.0  0.0
3  0.0  0.0
4  0.128  0.0
5  1.0  0.0
6  0.0060000000000000001  0.0
2  1.0  0.0
3  0.0  0.0
4  0.91000000000000003  0.0
5  0.0  0.0
6  0.0  0.0
2  0.0  0.0
3  0.021999999999999999  0.0
4  1.0  0.0
5  0.0  0.0
6  0.374  0.0
2  0.002  0.0
3  0.98599999999999999  0.0
4  0.0  0.0
5  0.0  0.0
6  0.54200000000000004  0.0
2  0.78800000000000003  0.0
3  1.0  0.0
4  0.86399999999999999  0.0
5  0.0  0.0
6  0.0  0.0
2  1.0  0.0
3  0.0  0.0
4  0.032000000000000001  0.0
5  0.0  0.0
6  0.016  0.0
2  0.002  0.0
3  0.45600000000000002  0.0
4  1.0  0.0
5  0.0  0.0
6  0.96999999999999997  0.0
2  1.0  0.0
3  0.93799999999999994  0.0
4  1.0  0.0
5  1.0  0.0
6  1.0  0.0
2  1.0  0.0
3  0.0  0.0
4  0.108  0.0
5  0.0  0.0
6  1.0  0.0
2  1.0  0.0
3  0.0  0.0
4  0.96999999999999997  0.0
5  0.152  0.0
6  0.058000000000000003  0.0
2  0.16800000000000001  0.0
3  1.0  0.0
4  0.068000000000000005  0.0
5  0.0  0.0
6  0.002  0.0
2  0.0  0.0
3  0.0  0.0
4  1.0  0.0
5  0.0  0.0
6  0.42999999999999999  0.0
2  0.0  0.0
3  0.0  0.0
4  0.01  0.0
5  0.0  0.0
6  0.025999999999999999  0.0
2  1.0  0.0
3  0.002  0.0
4  0.078  0.0
5  1.0  0.0
6  0.996  0.0
2  1.0  0.0
3  0.0  0.0
4  0.002  0.0
5  0.0  0.0
6  0.252  0.0
2  1.0  0.0
3  0.012  0.0
4  0.65000000000000002  0.0
5  0.002  0.0
6  0.22600000000000001  0.0
2  1.0  0.0
3  0.0  0.0
4  0.0  0.0
5  0.61799999999999999  0.0
6  0.34399999999999997  0.0
2  0.002  0.0
3  0.41199999999999998  0.0
4  0.98399999999999999  0.0
5  0.0  0.0
6  0.012  0.0
2  1.0  0.0
3  0.0  0.0
4  0.0  0.0
5  0.88  0.0
6  0.48599999999999999  0.0
2  1.0  0.0
3  0.96599999999999997  0.0
4  0.85799999999999998  0.0
5  0.002  0.0
6  0.002  0.0
2  0.012  0.0
3  0.0  0.0
4  0.0  0.0
5  0.96599999999999997  0.0
6  1.0  0.0
2  0.085999999999999993  0.0
3  0.0040000000000000001  0.0
4  0.81799999999999995  0.0
5  0.0  0.0
6  0.016  0.0
2  1.0  0.0
3  0.96999999999999997  0.0
4  1.0  0.0
5  0.92400000000000004  0.0
6  0.998  0.0
2  0.032000000000000001  0.0
3  0.96999999999999997  0.0
4  0.20999999999999999  0.0
5  0.35599999999999998  0.0
6  0.014  0.0
2  0.0  0.0
3  0.0  0.0
4  1.0  0.0
5  1.0  0.0
6  0.045999999999999999  0.0
2  1.0  0.0
3  0.0  0.0
4  0.0  0.0
5  0.0  0.0
6  0.0  0.0
2  0.0  0.0
3  0.0  0.0
4  1.0  0.0
5  0.053999999999999999  0.0
6  1.0  0.0
2  1.0  0.0
3  0.0  0.0
4  0.98799999999999999  0.0
5  1.0  0.0
6  0.97199999999999998  0.0
2  1.0  0.0
3  1.0  0.0
4  0.97799999999999998  0.0
5  0.0  0.0
6  0.16800000000000001  0.0
2  1.0  0.0
3  0.182  0.0
4  0.0  0.0
5  1.0  0.0
6  1.0  0.0
2  0.002  0.0
3  1.0  0.0
4  0.57199999999999995  0.0
5  0.0  0.0
6  0.0080000000000000002  0.0
2  1.0  0.0
3  0.42399999999999999  0.0
4  0.76000000000000001  0.0
5  0.998  0.0
6  0.13600000000000001  0.0
2  0.0  0.0
3  0.98999999999999999  0.0
4  1.0  0.0
5  0.0  0.0
6  0.27600000000000002  0.0
2  0.0  0.0
3  1.0  0.0
4  0.0  0.0
5  0.874  0.0
6  0.14000000000000001  0.0
2  0.0  0.0
3  0.029999999999999999  0.0
4  0.59199999999999997  0.0
5  0.0  0.0
6  0.0  0.0
2  0.082000000000000003  0.0
3  0.0  0.0
4  1.0  0.0
5  0.0  0.0
6  1.0  0.0
2  0.0  0.0
3  0.0  0.0
4  0.34200000000000003  0.0
5  0.0  0.0
6  0.037999999999999999  0.0
2  0.99199999999999999  0.0
3  0.02  0.0
4  1.0  0.0
5  0.045999999999999999  0.0
6  0.496  0.0
2  0.95199999999999996  0.0
3  0.0  0.0
4  0.0  0.0
5  0.16200000000000001  0.0
6  0.0  0.0
2  0.0  0.0
3  0.0  0.0
4  0.0  0.0
5  0.0060000000000000001  0.0
6  0.0  0.0
2  0.0  0.0
3  0.16400000000000001  0.0
4  0.0  0.0
5  0.0  0.0
6  0.0  0.0
2  0.002  0.0
3  1.0  0.0
4  0.0  0.0
5  0.0040000000000000001  0.0
6  0.17599999999999999  0.0
2  0.58199999999999996  0.0
3  0.20999999999999999  0.0
4  1.0  0.0
5  0.0  0.0
6  0.0  0.0
2  0.98399999999999999  0.0
3  0.754  0.0
4  0.0060000000000000001  0.0
5  0.0  0.0
6  0.93400000000000005  0.0
2  1.0  0.0
3  0.998  0.0
4  0.19600000000000001  0.0
5  0.080000000000000002  0.0
6  0.034000000000000002  0.0
2  1.0  0.0
3  0.0  0.0
4  0.92000000000000004  0.0
5  0.0  0.0
6  0.042000000000000003  0.0
2  0.65600000000000003  0.0
3  0.0040000000000000001  0.0
4  1.0  0.0
5  0.182  0.0
6  1.0  0.0
2  0.002  0.0
3  1.0  0.0
4  0.016  0.0
5  0.0  0.0
6  0.98199999999999998  0.0
2  0.98799999999999999  0.0
3  0.0  0.0
4  0.075999999999999998  0.0
5  0.39800000000000002  0.0
6  0.0040000000000000001  0.0
2  1.0  0.0
3  0.002  0.0
4  1.0  0.0
5  0.0  0.0
6  1.0  0.0
2  1.0  0.0
3  0.0  0.0
4  0.0  0.0
5  0.032000000000000001  0.0
6  0.0  0.0
2  0.0060000000000000001  0.0
3  0.053999999999999999  0.0
4  0.012  0.0
5  0.0  0.0
6  0.35199999999999998  0.0
2  0.0060000000000000001  0.0
3  0.02  0.0
4  1.0  0.0
5  0.0060000000000000001  0.0
6  0.58799999999999997  0.0
2  0.52400000000000002  0.0
3  0.0  0.0
4  0.071999999999999995  0.0
5  0.053999999999999999  0.0
6  1.0  0.0
2  1.0  0.0
3  0.46000000000000002  0.0
4  0.34200000000000003  0.0
5  0.0  0.0
6  0.0  0.0
2  0.002  0.0
3  0.54600000000000004  0.0
4  0.14999999999999999  0.0
5  0.089999999999999997  0.0
6  0.16200000000000001  0.0
2  1.0  0.0
3  1.0  0.0
4  1.0  0.0
5  0.17399999999999999  0.0
6  0.0  0.0
2  1.0  0.0
3  1.0  0.0
4  1.0  0.0
5  0.040000000000000001  0.0
6  0.0  0.0
2  0.002  0.0
3  0.73199999999999998  0.0
4  0.80400000000000005  0.0
5  0.0  0.0
6  0.0  0.0
2  1.0  0.0
3  0.0  0.0
4  1.0  0.0
5  0.0  0.0
6  0.025999999999999999  0.0
2  0.496  0.0
3  0.52400000000000002  0.0
4  0.97599999999999998  0.0
5  1.0  0.0
6  1.0  0.0
2  0.0  0.0
3  0.29999999999999999  0.0
4  0.042000000000000003  0.0
5  0.0  0.0
6  0.59799999999999998  0.0
2  1.0  0.0
3  0.043999999999999997  0.0
4  0.93200000000000005  0.0
5  0.0  0.0
6  0.81799999999999995  0.0
2  1.0  0.0
3  0.082000000000000003  0.0
4  1.0  0.0
5  0.67400000000000004  0.0
6  0.12  0.0
2  0.88400000000000001  0.0
3  1.0  0.0
4  0.0  0.0
5  0.0  0.0
6  0.0  0.0
2  1.0  0.0
3  1.0  0.0
4  0.021999999999999999  0.0
5  0.61599999999999999  0.0
6  1.0  0.0
2  0.996  0.0
3  0.0  0.0
4  0.998  0.0
5  0.156  0.0
6  0.96999999999999997  0.0
2  1.0  0.0
3  0.0  0.0
4  0.034000000000000002  0.0
5  1.0  0.0
6  0.93600000000000005  0.0
2  1.0  0.0
3  0.0  0.0
4  1.0  0.0
5  0.029999999999999999  0.0
6  0.42199999999999999  0.0
2  1.0  0.0
3  0.0  0.0
4  1.0  0.0
5  0.74399999999999999  0.0
6  0.043999999999999997  0.0
2  1.0  0.0
3  0.0  0.0
4  0.66800000000000004  0.0
5  0.0  0.0
6  0.97799999999999998  0.0
2  0.0  0.0
3  0.0  0.0
4  0.71599999999999997  0.0
5  0.0080000000000000002  0.0
6  0.76400000000000001  0.0
2  1.0  0.0
3  0.0  0.0
4  0.13600000000000001  0.0
5  0.0  0.0
6  1.0  0.0
2  0.80000000000000004  0.0
3  0.0  0.0
4  0.0  0.0
5  0.0  0.0
6  0.0060000000000000001  0.0
2  1.0  0.0
3  0.182  0.0
4  1.0  0.0
5  0.35199999999999998  0.0
6  0.0  0.0
2  0.98599999999999999  0.0
3  0.02  0.0
4  1.0  0.0
5  0.0  0.0
6  1.0  0.0
2  0.47999999999999998  0.0
3  0.0  0.0
4  0.0  0.0
5  0.02  0.0
6  0.0  0.0
2  0.41599999999999998  0.0
3  0.0  0.0
4  0.024  0.0
5  0.0  0.0
6  1.0  0.0
2  1.0  0.0
3  0.0  0.0
4  0.0  0.0
5  0.0  0.0
6  0.0  0.0
2  0.752  0.0
3  0.0  0.0
4  0.034000000000000002  0.0
5  0.0  0.0
6  0.73199999999999998  0.0
2  0.312  0.0
3  0.0  0.0
4  0.0  0.0
5  0.0  0.0
6  0.01  0.0
2  0.098000000000000004  0.0
3  0.0  0.0
4  1.0  0.0
5  0.0  0.0
6  0.13800000000000001  0.0
2  0.002  0.0
3  0.0  0.0
4  0.0  0.0
5  0.0  0.0
6  0.0  0.0
2  0.068000000000000005  0.0
3  1.0  0.0
4  0.002  0.0
5  0.0  0.0
6  0.93000000000000005  0.0
2  0.0  0.0
3  0.0  0.0
4  1.0  0.0
5  0.024  0.0
6  0.0  0.0
2  1.0  0.0
3  0.57999999999999996  0.0
4  0.0  0.0
5  0.70399999999999996  0.0
6  1.0  0.0
2  0.042000000000000003  0.0
3  0.0  0.0
4  1.0  0.0
5  0.17999999999999999  0.0
6  0.64400000000000002  0.0
2  0.14999999999999999  0.0
3  0.0060000000000000001  0.0
4  0.996  0.0
5  0.0  0.0
6  0.72199999999999998  0.0
2  1.0  0.0
3  0.002  0.0
4  0.0  0.0
5  0.0040000000000000001  0.0
6  1.0  0.0
2  0.16800000000000001  0.0
3  0.0  0.0
4  1.0  0.0
5  0.0  0.0
6  0.0  0.0
2  1.0  0.0
3  0.104  0.0
4  0.14799999999999999  0.0
5  0.0  0.0
6  0.0  0.0
2  0.94399999999999995  0.0
3  1.0  0.0
4  0.0  0.0
5  0.024  0.0
6  0.53800000000000003  0.0
2  1.0  0.0
3  0.043999999999999997  0.0
4  1.0  0.0
5  0.0  0.0
6  0.0  0.0
2  1.0  0.0
3  0.0  0.0
4  0.0  0.0
5  0.624  0.0
6  0.0040000000000000001  0.0
2  0.97799999999999998  0.0
3  0.998  0.0
4  0.0  0.0
5  0.0  0.0
6  1.0  0.0
2  1.0  0.0
3  0.0  0.0
4  0.0  0.0
5  0.068000000000000005  0.0
6  1.0  0.0
2  0.104  0.0
3  0.0040000000000000001  0.0
4  0.0  0.0
5  0.002  0.0
6  0.071999999999999995  0.0
