0.1  1.0  0.076842105263157892
0.15  1.0  0.088421052631578942
0.2  0.85999999999999999  0.1031578947368421
0.25  0.92000000000000004  0.10210526315789474
0.3  1.0  0.13157894736842105
0.1  1.0  0.071578947368421048
0.15  1.0  0.076842105263157892
0.2  1.0  0.10947368421052632
0.25  1.0  0.10947368421052632
0.3  0.85999999999999999  0.11157894736842106
0.1  1.0  0.082105263157894737
0.15  1.0  0.094736842105263161
0.2  0.97999999999999998  0.098947368421052631
0.25  1.0  0.090526315789473691
0.3  1.0  0.11263157894736842
0.1  1.0  0.076842105263157892
0.15  1.0  0.073684210526315783
0.2  0.66000000000000003  0.090526315789473691
0.25  1.0  0.10105263157894737
0.3  1.0  0.11157894736842106
0.1  1.0  0.095789473684210522
0.15  1.0  0.078947368421052627
0.2  1.0  0.096842105263157896
0.25  1.0  0.12210526315789473
0.3  1.0  0.11578947368421053
0.1  1.0  0.074736842105263157
0.15  1.0  0.10421052631578948
0.2  0.93999999999999995  0.1168421052631579
0.25  1.0  0.10210526315789474
0.3  1.0  0.1031578947368421
0.1  1.0  0.075789473684210532
0.15  1.0  0.090526315789473691
0.2  1.0  0.10947368421052632
0.25  1.0  0.12631578947368421
0.3  0.97999999999999998  0.1168421052631579
0.1  1.0  0.10210526315789474
0.15  0.85999999999999999  0.095789473684210522
0.2  0.97999999999999998  0.097894736842105257
0.25  0.93999999999999995  0.1031578947368421
0.3  1.0  0.12315789473684211
0.1  1.0  0.077894736842105267
0.15  1.0  0.087368421052631581
0.2  1.0  0.084210526315789472
0.25  1.0  0.087368421052631581
0.3  1.0  0.098947368421052631
0.1  1.0  0.075789473684210532
0.15  1.0  0.093684210526315786
0.2  1.0  0.088421052631578942
0.25  1.0  0.12
0.3  0.81999999999999995  0.12
0.1  0.90000000000000002  0.081052631578947362
0.15  1.0  0.089473684210526316
0.2  0.92000000000000004  0.090526315789473691
0.25  1.0  0.1168421052631579
0.3  0.93999999999999995  0.11368421052631579
0.1  1.0  0.072631578947368422
0.15  1.0  0.094736842105263161
0.2  1.0  0.10105263157894737
0.25  1.0  0.11894736842105263
0.3  0.93999999999999995  0.1031578947368421
0.1  1.0  0.06210526315789474
0.15  1.0  0.073684210526315783
0.2  1.0  0.098947368421052631
0.25  1.0  0.10631578947368421
0.3  0.78000000000000003  0.11368421052631579
0.1  1.0  0.082105263157894737
0.15  0.54000000000000004  0.095789473684210522
0.2  0.97999999999999998  0.10421052631578948
0.25  1.0  0.11473684210526315
0.3  1.0  0.12210526315789473
0.1  1.0  0.071578947368421048
0.15  1.0  0.081052631578947362
0.2  1.0  0.095789473684210522
0.25  1.0  0.12526315789473685
0.3  1.0  0.12631578947368421
0.1  0.83999999999999997  0.075789473684210532
0.15  1.0  0.085263157894736846
0.2  1.0  0.091578947368421051
0.25  1.0  0.098947368421052631
0.3  1.0  0.12210526315789473
0.1  1.0  0.089473684210526316
0.15  1.0  0.094736842105263161
0.2  0.71999999999999997  0.10421052631578948
0.25  1.0  0.10105263157894737
0.3  0.88  0.1168421052631579
0.1  1.0  0.082105263157894737
0.15  1.0  0.097894736842105257
0.2  1.0  0.091578947368421051
0.25  1.0  0.12315789473684211
0.3  1.0  0.12947368421052632
0.1  1.0  0.074736842105263157
0.15  1.0  0.086315789473684207
0.2  0.59999999999999998  0.098947368421052631
0.25  1.0  0.11157894736842106
0.3  1.0  0.088421052631578942
0.1  0.90000000000000002  0.069473684210526312
0.15  1.0  0.075789473684210532
0.2  0.97999999999999998  0.12210526315789473
0.25  1.0  0.10526315789473684
0.3  0.97999999999999998  0.14105263157894737
0.1  1.0  0.088421052631578942
0.15  0.59999999999999998  0.1031578947368421
0.2  1.0  0.11263157894736842
0.25  1.0  0.11052631578947368
0.3  1.0  0.13052631578947368
0.1  1.0  0.068421052631578952
0.15  0.83999999999999997  0.10105263157894737
0.2  1.0  0.095789473684210522
0.25  1.0  0.10421052631578948
0.3  1.0  0.10842105263157895
0.1  1.0  0.089473684210526316
0.15  1.0  0.092631578947368426
0.2  1.0  0.090526315789473691
0.25  0.88  0.11894736842105263
0.3  1.0  0.12631578947368421
0.1  0.97999999999999998  0.072631578947368422
0.15  1.0  0.086315789473684207
0.2  1.0  0.076842105263157892
0.25  1.0  0.10421052631578948
0.3  1.0  0.1368421052631579
0.1  1.0  0.05894736842105263
0.15  1.0  0.095789473684210522
0.2  1.0  0.098947368421052631
0.25  0.54000000000000004  0.12
0.3  1.0  0.12421052631578948
0.1  0.76000000000000001  0.076842105263157892
0.15  1.0  0.094736842105263161
0.2  0.62  0.10421052631578948
0.25  0.93999999999999995  0.10736842105263159
0.3  1.0  0.11473684210526315
0.1  1.0  0.070526315789473687
0.15  1.0  0.096842105263157896
0.2  1.0  0.095789473684210522
0.25  1.0  0.11578947368421053
0.3  1.0  0.13578947368421052
0.1  0.81999999999999995  0.076842105263157892
0.15  0.85999999999999999  0.1031578947368421
0.2  1.0  0.095789473684210522
0.25  1.0  0.11157894736842106
0.3  0.95999999999999996  0.12105263157894737
0.1  1.0  0.076842105263157892
0.15  1.0  0.089473684210526316
0.2  1.0  0.088421052631578942
0.25  1.0  0.12105263157894737
0.3  1.0  0.1431578947368421
0.1  0.95999999999999996  0.077894736842105267
0.15  0.76000000000000001  0.089473684210526316
0.2  1.0  0.10736842105263159
0.25  1.0  0.12
0.3  1.0  0.12526315789473685
0.1  1.0  0.075789473684210532
0.15  0.73999999999999999  0.092631578947368426
0.2  1.0  0.094736842105263161
0.25  0.92000000000000004  0.1031578947368421
0.3  1.0  0.1168421052631579
0.1  0.56000000000000005  0.075789473684210532
0.15  1.0  0.088421052631578942
0.2  1.0  0.10631578947368421
0.25  0.92000000000000004  0.12526315789473685
0.3  1.0  0.13789473684210526
0.1  0.66000000000000003  0.080000000000000002
0.15  1.0  0.080000000000000002
0.2  1.0  0.091578947368421051
0.25  1.0  0.10210526315789474
0.3  1.0  0.10947368421052632
0.1  0.92000000000000004  0.084210526315789472
0.15  0.95999999999999996  0.095789473684210522
0.2  0.97999999999999998  0.094736842105263161
0.25  1.0  0.10842105263157895
0.3  1.0  0.12421052631578948
0.1  0.44  0.080000000000000002
0.15  0.97999999999999998  0.096842105263157896
0.2  1.0  0.10421052631578948
0.25  0.83999999999999997  0.10210526315789474
0.3  1.0  0.12526315789473685
0.1  1.0  0.082105263157894737
0.15  1.0  0.087368421052631581
0.2  1.0  0.095789473684210522
0.25  0.90000000000000002  0.10947368421052632
0.3  1.0  0.12105263157894737
0.1  1.0  0.075789473684210532
0.15  1.0  0.096842105263157896
0.2  1.0  0.10526315789473684
0.25  1.0  0.12526315789473685
0.3  0.90000000000000002  0.12210526315789473
0.1  1.0  0.089473684210526316
0.15  0.80000000000000004  0.10736842105263159
0.2  1.0  0.10631578947368421
0.25  1.0  0.12421052631578948
0.3  1.0  0.1168421052631579
0.1  1.0  0.070526315789473687
0.15  1.0  0.082105263157894737
0.2  1.0  0.10947368421052632
0.25  1.0  0.10421052631578948
0.3  0.93999999999999995  0.11578947368421053
0.1  1.0  0.092631578947368426
0.15  0.46000000000000002  0.094736842105263161
0.2  0.73999999999999999  0.10947368421052632
0.25  1.0  0.10210526315789474
0.3  1.0  0.10947368421052632
0.1  0.80000000000000004  0.090526315789473691
0.15  1.0  0.094736842105263161
0.2  1.0  0.10421052631578948
0.25  1.0  0.094736842105263161
0.3  1.0  0.13052631578947368
0.1  1.0  0.075789473684210532
0.15  0.95999999999999996  0.094736842105263161
0.2  1.0  0.083157894736842111
0.25  1.0  0.11473684210526315
0.3  0.80000000000000004  0.11473684210526315
0.1  1.0  0.075789473684210532
0.15  1.0  0.088421052631578942
0.2  0.78000000000000003  0.10105263157894737
0.25  1.0  0.10421052631578948
0.3  1.0  0.12631578947368421
0.1  1.0  0.080000000000000002
0.15  1.0  0.11157894736842106
0.2  0.83999999999999997  0.10105263157894737
0.25  1.0  0.098947368421052631
0.3  0.83999999999999997  0.12421052631578948
0.1  1.0  0.082105263157894737
0.15  1.0  0.082105263157894737
0.2  1.0  0.088421052631578942
0.25  0.93999999999999995  0.10736842105263159
0.3  1.0  0.12210526315789473
0.1  1.0  0.092631578947368426
0.15  0.95999999999999996  0.080000000000000002
0.2  1.0  0.10421052631578948
0.25  1.0  0.11894736842105263
0.3  1.0  0.12631578947368421
0.1  0.73999999999999999  0.059999999999999998
0.15  0.92000000000000004  0.081052631578947362
0.2  0.97999999999999998  0.11473684210526315
0.25  1.0  0.11263157894736842
0.3  0.85999999999999999  0.12210526315789473
0.1  1.0  0.081052631578947362
0.15  1.0  0.073684210526315783
0.2  1.0  0.11263157894736842
0.25  0.97999999999999998  0.11473684210526315
0.3  0.81999999999999995  0.094736842105263161
0.1  1.0  0.072631578947368422
0.15  1.0  0.093684210526315786
0.2  1.0  0.087368421052631581
0.25  1.0  0.10842105263157895
0.3  1.0  0.11473684210526315
0.1  1.0  0.082105263157894737
0.15  1.0  0.074736842105263157
0.2  1.0  0.098947368421052631
0.25  1.0  0.13263157894736843
0.3  1.0  0.12
0.1  0.92000000000000004  0.065263157894736842
0.15  1.0  0.077894736842105267
0.2  1.0  0.12421052631578948
0.25  1.0  0.11789473684210526
0.3  1.0  0.12526315789473685
0.1  0.59999999999999998  0.05894736842105263
0.15  1.0  0.085263157894736846
0.2  1.0  0.10105263157894737
0.25  0.97999999999999998  0.10421052631578948
0.3  0.93999999999999995  0.13368421052631579
0.1  0.69999999999999996  0.085263157894736846
0.15  1.0  0.092631578947368426
0.2  1.0  0.11473684210526315
0.25  1.0  0.10631578947368421
0.3  0.80000000000000004  0.12526315789473685
0.1  1.0  0.073684210526315783
0.15  1.0  0.080000000000000002
0.2  0.90000000000000002  0.091578947368421051
0.25  1.0  0.1168421052631579
0.3  1.0  0.13157894736842105
0.1  1.0  0.077894736842105267
0.15  1.0  0.088421052631578942
0.2  0.92000000000000004  0.10000000000000001
0.25  1.0  0.094736842105263161
0.3  1.0  0.1168421052631579
0.1  1.0  0.088421052631578942
0.15  1.0  0.082105263157894737
0.2  1.0  0.10526315789473684
0.25  0.83999999999999997  0.11473684210526315
0.3  0.97999999999999998  0.098947368421052631
0.1  1.0  0.075789473684210532
0.15  1.0  0.10421052631578948
0.2  0.90000000000000002  0.096842105263157896
0.25  0.97999999999999998  0.11368421052631579
0.3  1.0  0.13052631578947368
0.1  1.0  0.088421052631578942
0.15  1.0  0.088421052631578942
0.2  1.0  0.10210526315789474
0.25  1.0  0.13578947368421052
0.3  0.92000000000000004  0.13052631578947368
0.1  1.0  0.072631578947368422
0.15  0.80000000000000004  0.087368421052631581
0.2  1.0  0.11789473684210526
0.25  0.57999999999999996  0.11263157894736842
0.3  1.0  0.12105263157894737
0.1  1.0  0.076842105263157892
0.15  1.0  0.087368421052631581
0.2  1.0  0.1031578947368421
0.25  1.0  0.12
0.3  0.97999999999999998  0.13052631578947368
0.1  1.0  0.084210526315789472
0.15  1.0  0.089473684210526316
0.2  0.88  0.088421052631578942
0.25  0.93999999999999995  0.12526315789473685
0.3  1.0  0.12631578947368421
0.1  1.0  0.081052631578947362
0.15  1.0  0.093684210526315786
0.2  0.88  0.093684210526315786
0.25  1.0  0.093684210526315786
0.3  1.0  0.13473684210526315
0.1  0.97999999999999998  0.074736842105263157
0.15  1.0  0.073684210526315783
0.2  0.85999999999999999  0.10736842105263159
0.25  1.0  0.094736842105263161
0.3  1.0  0.12105263157894737
0.1  1.0  0.077894736842105267
0.15  1.0  0.081052631578947362
0.2  1.0  0.11157894736842106
0.25  1.0  0.10947368421052632
0.3  0.90000000000000002  0.10000000000000001
0.1  1.0  0.075789473684210532
0.15  0.80000000000000004  0.078947368421052627
0.2  1.0  0.10947368421052632
0.25  0.78000000000000003  0.10736842105263159
0.3  1.0  0.12736842105263158
0.1  1.0  0.081052631578947362
0.15  0.95999999999999996  0.088421052631578942
0.2  0.83999999999999997  0.10105263157894737
0.25  0.69999999999999996  0.10947368421052632
0.3  1.0  0.13157894736842105
0.1  1.0  0.069473684210526312
0.15  1.0  0.083157894736842111
0.2  0.93999999999999995  0.082105263157894737
0.25  1.0  0.11368421052631579
0.3  1.0  0.11894736842105263
0.1  1.0  0.083157894736842111
0.15  1.0  0.076842105263157892
0.2  1.0  0.10842105263157895
0.25  0.90000000000000002  0.095789473684210522
0.3  1.0  0.11894736842105263
0.1  0.78000000000000003  0.068421052631578952
0.15  0.93999999999999995  0.066315789473684217
0.2  1.0  0.096842105263157896
0.25  1.0  0.10736842105263159
0.3  1.0  0.12105263157894737
0.1  0.90000000000000002  0.085263157894736846
0.15  1.0  0.092631578947368426
0.2  1.0  0.094736842105263161
0.25  1.0  0.12526315789473685
0.3  0.76000000000000001  0.12
0.1  1.0  0.083157894736842111
0.15  0.90000000000000002  0.093684210526315786
0.2  0.88  0.076842105263157892
0.25  0.71999999999999997  0.10000000000000001
0.3  1.0  0.12
0.1  1.0  0.081052631578947362
0.15  0.47999999999999998  0.083157894736842111
0.2  0.95999999999999996  0.10526315789473684
0.25  0.62  0.088421052631578942
0.3  0.97999999999999998  0.12
0.1  1.0  0.080000000000000002
0.15  1.0  0.080000000000000002
0.2  1.0  0.10105263157894737
0.25  1.0  0.12526315789473685
0.3  1.0  0.12947368421052632
0.1  0.97999999999999998  0.088421052631578942
0.15  1.0  0.091578947368421051
0.2  1.0  0.10105263157894737
0.25  1.0  0.10736842105263159
0.3  1.0  0.1168421052631579
0.1  0.76000000000000001  0.075789473684210532
0.15  1.0  0.076842105263157892
0.2  1.0  0.083157894736842111
0.25  1.0  0.10421052631578948
0.3  0.80000000000000004  0.1463157894736842
0.1  1.0  0.087368421052631581
0.15  0.93999999999999995  0.098947368421052631
0.2  1.0  0.10526315789473684
0.25  0.93999999999999995  0.11263157894736842
0.3  1.0  0.11368421052631579
0.1  1.0  0.074736842105263157
0.15  1.0  0.077894736842105267
0.2  1.0  0.083157894736842111
0.25  0.76000000000000001  0.098947368421052631
0.3  1.0  0.12
0.1  0.52000000000000002  0.088421052631578942
0.15  0.88  0.084210526315789472
0.2  1.0  0.094736842105263161
0.25  0.95999999999999996  0.098947368421052631
0.3  1.0  0.11789473684210526
0.1  1.0  0.071578947368421048
0.15  0.97999999999999998  0.083157894736842111
0.2  1.0  0.093684210526315786
0.25  1.0  0.11263157894736842
0.3  0.92000000000000004  0.14105263157894737
0.1  0.95999999999999996  0.078947368421052627
0.15  1.0  0.10105263157894737
0.2  1.0  0.093684210526315786
0.25  1.0  0.14210526315789473
0.3  1.0  0.13052631578947368
0.1  1.0  0.073684210526315783
0.15  1.0  0.089473684210526316
0.2  1.0  0.098947368421052631
0.25  1.0  0.12736842105263158
0.3  0.66000000000000003  0.14421052631578948
0.1  0.97999999999999998  0.065263157894736842
0.15  1.0  0.085263157894736846
0.2  1.0  0.1168421052631579
0.25  1.0  0.11157894736842106
0.3  0.95999999999999996  0.10000000000000001
0.1  0.92000000000000004  0.086315789473684207
0.15  1.0  0.083157894736842111
0.2  1.0  0.10105263157894737
0.25  1.0  0.11473684210526315
0.3  0.95999999999999996  0.12842105263157894
0.1  1.0  0.088421052631578942
0.15  0.81999999999999995  0.10105263157894737
0.2  0.85999999999999999  0.10736842105263159
0.25  1.0  0.096842105263157896
0.3  0.93999999999999995  0.12210526315789473
0.1  1.0  0.070526315789473687
0.15  1.0  0.087368421052631581
0.2  1.0  0.073684210526315783
0.25  1.0  0.11473684210526315
0.3  1.0  0.1368421052631579
0.1  1.0  0.059999999999999998
0.15  1.0  0.092631578947368426
0.2  0.57999999999999996  0.098947368421052631
0.25  1.0  0.12631578947368421
0.3  1.0  0.12315789473684211
0.1  0.88  0.065263157894736842
0.15  0.95999999999999996  0.089473684210526316
0.2  1.0  0.10000000000000001
0.25  1.0  0.1031578947368421
0.3  1.0  0.1168421052631579
0.1  0.71999999999999997  0.069473684210526312
0.15  1.0  0.097894736842105257
0.2  1.0  0.098947368421052631
0.25  1.0  0.098947368421052631
0.3  1.0  0.13473684210526315
0.1  1.0  0.077894736842105267
0.15  1.0  0.098947368421052631
0.2  0.66000000000000003  0.087368421052631581
0.25  1.0  0.10526315789473684
0.3  1.0  0.13473684210526315
0.1  0.83999999999999997  0.090526315789473691
0.15  1.0  0.093684210526315786
0.2  1.0  0.094736842105263161
0.25  1.0  0.12315789473684211
0.3  1.0  0.12842105263157894
0.1  1.0  0.098947368421052631
0.15  0.92000000000000004  0.091578947368421051
0.2  1.0  0.11789473684210526
0.25  1.0  0.14105263157894737
0.3  1.0  0.11894736842105263
0.1  1.0  0.061052631578947365
0.15  1.0  0.078947368421052627
0.2  1.0  0.089473684210526316
0.25  1.0  0.10631578947368421
0.3  1.0  0.12526315789473685
0.1  1.0  0.069473684210526312
0.15  1.0  0.081052631578947362
0.2  1.0  0.11368421052631579
0.25  1.0  0.12
0.3  1.0  0.13473684210526315
0.1  1.0  0.071578947368421048
0.15  0.93999999999999995  0.092631578947368426
0.2  1.0  0.10105263157894737
0.25  1.0  0.10421052631578948
0.3  1.0  0.12631578947368421
0.1  1.0  0.06210526315789474
0.15  0.95999999999999996  0.090526315789473691
0.2  1.0  0.088421052631578942
0.25  0.95999999999999996  0.11578947368421053
0.3  1.0  0.11894736842105263
0.1  1.0  0.074736842105263157
0.15  1.0  0.10631578947368421
0.2  0.90000000000000002  0.10000000000000001
0.25  1.0  0.12631578947368421
0.3  0.92000000000000004  0.11789473684210526
0.1  1.0  0.063157894736842107
0.15  1.0  0.080000000000000002
0.2  1.0  0.095789473684210522
0.25  0.80000000000000004  0.098947368421052631
0.3  0.92000000000000004  0.13263157894736843
0.1  1.0  0.094736842105263161
0.15  1.0  0.089473684210526316
0.2  0.62  0.10947368421052632
0.25  1.0  0.10000000000000001
0.3  1.0  0.13263157894736843
0.1  1.0  0.069473684210526312
0.15  1.0  0.061052631578947365
0.2  1.0  0.090526315789473691
0.25  1.0  0.11578947368421053
0.3  1.0  0.15157894736842106
0.1  0.97999999999999998  0.077894736842105267
0.15  1.0  0.077894736842105267
0.2  1.0  0.10631578947368421
0.25  1.0  0.11578947368421053
0.3  1.0  0.13789473684210526
