2  1.0  0.0
3  0.0  0.0
4  0.0  0.0
5  0.042000000000000003  0.0
6  0.002  0.0
2  1.0  0.0
3  0.97799999999999998  0.0
4  0.062  0.0
5  0.98599999999999999  0.0
6  0.0  0.0
2  0.79400000000000004  0.0
3  0.0  0.0
4  1.0  0.0
5  1.0  0.0
6  0.066000000000000003  0.0
2  1.0  0.0
3  0.0040000000000000001  0.0
4  0.94799999999999995  0.0
5  0.50600000000000001  0.0
6  0.252  0.0
2  0.0  0.0
3  0.0  0.0
4  0.28399999999999997  0.0
5  0.10000000000000001  0.0
6  0.0  0.0
2  1.0  0.0
3  0.0  0.0
4  0.0  0.0
5  0.0  0.0
6  0.438  0.0
2  1.0  0.0
3  0.0  0.0
4  0.040000000000000001  0.0
5  0.0  0.0
6  1.0  0.0
2  0.318  0.0
3  0.184  0.0
4  0.0  0.0
5  0.0  0.0
6  1.0  0.0
2  1.0  0.0
3  0.17599999999999999  0.0
4  1.0  0.0
5  0.0  0.0
6  0.44800000000000001  0.0
2  0.17599999999999999  0.0
3  0.0  0.0
4  0.998  0.0
5  1.0  0.0
6  0.51400000000000001  0.0
2  1.0  0.0
3  1.0  0.0
4  1.0  0.0
5  0.0  0.0
6  0.998  0.0
2  1.0  0.0
3  0.002  0.0
4  0.002  0.0
5  0.0  0.0
6  0.017999999999999999  0.0
2  1.0  0.0
3  1.0  0.0
4  0.86599999999999999  0.0
5  0.01  0.0
6  0.0  0.0
2  1.0  0.0
3  0.72799999999999998  0.0
4  1.0  0.0
5  0.0060000000000000001  0.0
6  0.46800000000000003  0.0
2  1.0  0.0
3  0.0  0.0
4  0.034000000000000002  0.0
5  0.0  0.0
6  0.13600000000000001  0.0
2  0.0  0.0
3  0.84799999999999998  0.0
4  0.996  0.0
5  0.36199999999999999  0.0
6  0.78000000000000003  0.0
2  0.0  0.0
3  0.0  0.0
4  0.0  0.0
5  0.0060000000000000001  0.0
6  0.63200000000000001  0.0
2  0.0  0.0
3  1.0  0.0
4  1.0  0.0
5  0.0  0.0
6  0.93799999999999994  0.0
2  1.0  0.0
3  0.0  0.0
4  0.029999999999999999  0.0
5  0.0  0.0
6  1.0  0.0
2  0.622  0.0
3  0.98799999999999999  0.0
4  1.0  0.0
5  0.0  0.0
6  0.99399999999999999  0.0
2  1.0  0.0
3  0.438  0.0
4  0.0  0.0
5  0.41599999999999998  0.0
6  1.0  0.0
2  0.0  0.0
3  0.078  0.0
4  0.045999999999999999  0.0
5  0.13600000000000001  0.0
6  1.0  0.0
2  1.0  0.0
3  0.002  0.0
4  1.0  0.0
5  0.93799999999999994  0.0
6  1.0  0.0
2  0.029999999999999999  0.0
3  0.0  0.0
4  0.0060000000000000001  0.0
5  0.059999999999999998  0.0
6  0.872  0.0
2  1.0  0.0
3  0.0040000000000000001  0.0
4  1.0  0.0
5  0.0  0.0
6  1.0  0.0
2  0.0  0.0
3  1.0  0.0
4  1.0  0.0
5  1.0  0.0
6  0.016  0.0
2  1.0  0.0
3  0.0060000000000000001  0.0
4  0.98999999999999999  0.0
5  0.33000000000000002  0.0
6  1.0  0.0
2  0.85799999999999998  0.0
3  0.0  0.0
4  0.029999999999999999  0.0
5  0.92800000000000005  0.0
6  0.0  0.0
2  0.0  0.0
3  0.014  0.0
4  1.0  0.0
5  1.0  0.0
6  0.0  0.0
2  1.0  0.0
3  0.0  0.0
4  0.27400000000000002  0.0
5  0.0  0.0
6  0.045999999999999999  0.0
2  0.57599999999999996  0.0
3  0.30199999999999999  0.0
4  0.29599999999999999  0.0
5  0.89000000000000001  0.0
6  0.0060000000000000001  0.0
2  1.0  0.0
3  0.22  0.0
4  0.0  0.0
5  1.0  0.0
6  0.314  0.0
2  0.0  0.0
3  0.0040000000000000001  0.0
4  1.0  0.0
5  0.0  0.0
6  0.0  0.0
2  1.0  0.0
3  0.025999999999999999  0.0
4  0.998  0.0
5  0.93200000000000005  0.0
6  0.0  0.0
2  0.95599999999999996  0.0
3  0.0  0.0
4  0.52600000000000002  0.0
5  0.087999999999999995  0.0
6  0.085999999999999993  0.0
2  0.0  0.0
3  0.0  0.0
4  1.0  0.0
5  0.54200000000000004  0.0
6  0.29599999999999999  0.0
2  1.0  0.0
3  0.0  0.0
4  1.0  0.0
5  0.0  0.0
6  1.0  0.0
2  0.040000000000000001  0.0
3  1.0  0.0
4  1.0  0.0
5  1.0  0.0
6  0.38  0.0
2  0.64000000000000001  0.0
3  0.0  0.0
4  1.0  0.0
5  1.0  0.0
6  0.0080000000000000002  0.0
2  0.98799999999999999  0.0
3  0.0040000000000000001  0.0
4  0.032000000000000001  0.0
5  0.0  0.0
6  0.0  0.0
2  0.0  0.0
3  0.050000000000000003  0.0
4  1.0  0.0
5  0.0  0.0
6  0.0040000000000000001  0.0
2  1.0  0.0
3  0.0  0.0
4  1.0  0.0
5  0.002  0.0
6  0.050000000000000003  0.0
2  1.0  0.0
3  0.0  0.0
4  0.0  0.0
5  0.0  0.0
6  0.0  0.0
2  1.0  0.0
3  0.073999999999999996  0.0
4  0.59599999999999997  0.0
5  0.0  0.0
6  0.158  0.0
2  0.0  0.0
3  0.024  0.0
4  0.01  0.0
5  0.043999999999999997  0.0
6  0.024  0.0
2  0.0080000000000000002  0.0
3  0.0  0.0
4  1.0  0.0
5  0.002  0.0
6  1.0  0.0
2  0.0040000000000000001  0.0
3  0.0080000000000000002  0.0
4  0.0  0.0
5  0.002  0.0
6  1.0  0.0
2  1.0  0.0
3  0.0  0.0
4  1.0  0.0
5  0.0  0.0
6  0.90400000000000003  0.0
2  0.93400000000000005  0.0
3  1.0  0.0
4  0.035999999999999997  0.0
5  0.56000000000000005  0.0
6  0.0  0.0
2  1.0  0.0
3  0.0  0.0
4  0.89000000000000001  0.0
5  0.0  0.0
6  0.432  0.0
2  0.96599999999999997  0.0
3  1.0  0.0
4  0.0  0.0
5  1.0  0.0
6  0.122  0.0
2  0.97599999999999998  0.0
3  0.0  0.0
4  0.0  0.0
5  0.51200000000000001  0.0
6  0.94599999999999995  0.0
2  1.0  0.0
3  0.0  0.0
4  1.0  0.0
5  0.55600000000000005  0.0
6  0.0  0.0
2  1.0  0.0
3  0.0  0.0
4  1.0  0.0
5  0.0  0.0
6  0.28599999999999998  0.0
2  1.0  0.0
3  0.0  0.0
4  0.92200000000000004  0.0
5  0.38600000000000001  0.0
6  0.0  0.0
2  0.032000000000000001  0.0
3  0.064000000000000001  0.0
4  1.0  0.0
5  0.0  0.0
6  1.0  0.0
2  1.0  0.0
3  0.0  0.0
4  1.0  0.0
5  0.0  0.0
6  1.0  0.0
2  0.432  0.0
3  0.012  0.0
4  0.0  0.0
5  0.014  0.0
6  0.12  0.0
2  0.0  0.0
3  1.0  0.0
4  0.68200000000000005  0.0
5  0.0  0.0
6  0.32200000000000001  0.0
2  0.0  0.0
3  0.0  0.0
4  1.0  0.0
5  0.0060000000000000001  0.0
6  0.059999999999999998  0.0
2  1.0  0.0
3  0.97599999999999998  0.0
4  0.188  0.0
5  0.0  0.0
6  0.0  0.0
2  1.0  0.0
3  0.98799999999999999  0.0
4  1.0  0.0
5  0.0080000000000000002  0.0
6  0.0  0.0
2  1.0  0.0
3  0.0  0.0
4  0.0  0.0
5  0.014  0.0
6  1.0  0.0
2  0.67000000000000004  0.0
3  0.0  0.0
4  1.0  0.0
5  1.0  0.0
6  0.68600000000000005  0.0
2  0.0  0.0
3  0.0040000000000000001  0.0
4  0.0  0.0
5  0.014  0.0
6  1.0  0.0
2  0.0  0.0
3  1.0  0.0
4  0.40200000000000002  0.0
5  0.40999999999999998  0.0
6  1.0  0.0
2  0.69199999999999995  0.0
3  0.84399999999999997  0.0
4  1.0  0.0
5  0.0  0.0
6  1.0  0.0
2  1.0  0.0
3  0.0  0.0
4  0.002  0.0
5  0.114  0.0
6  0.996  0.0
2  0.0  0.0
3  0.60999999999999999  0.0
4  0.45800000000000002  0.0
5  0.0060000000000000001  0.0
6  0.39200000000000002  0.0
2  0.17000000000000001  0.0
3  0.28399999999999997  0.0
4  0.002  0.0
5  0.0  0.0
6  0.082000000000000003  0.0
2  0.55200000000000005  0.0
3  0.31  0.0
4  0.0040000000000000001  0.0
5  0.53600000000000003  0.0
6  0.02  0.0
2  0.012  0.0
3  1.0  0.0
4  0.69399999999999995  0.0
5  0.98999999999999999  0.0
6  0.996  0.0
2  1.0  0.0
3  0.0  0.0
4  0.996  0.0
5  0.91600000000000004  0.0
6  0.93400000000000005  0.0
2  1.0  0.0
3  0.0  0.0
4  1.0  0.0
5  0.0  0.0
6  0.0  0.0
2  1.0  0.0
3  0.0  0.0
4  0.89400000000000002  0.0
5  1.0  0.0
6  0.79200000000000004  0.0
2  0.0  0.0
3  0.0  0.0
4  1.0  0.0
5  0.0  0.0
6  1.0  0.0
2  0.0060000000000000001  0.0
3  1.0  0.0
4  0.0  0.0
5  0.10000000000000001  0.0
6  1.0  0.0
2  0.86799999999999999  0.0
3  0.0  0.0
4  1.0  0.0
5  0.19  0.0
6  0.0  0.0
2  0.0  0.0
3  0.048000000000000001  0.0
4  0.998  0.0
5  0.17999999999999999  0.0
6  0.0  0.0
2  1.0  0.0
3  0.0  0.0
4  0.998  0.0
5  0.0  0.0
6  0.017999999999999999  0.0
2  1.0  0.0
3  0.0  0.0
4  0.0  0.0
5  0.998  0.0
6  1.0  0.0
2  1.0  0.0
3  0.0  0.0
4  0.0  0.0
5  0.025999999999999999  0.0
6  0.002  0.0
2  0.0  0.0
3  0.81200000000000006  0.0
4  1.0  0.0
5  0.0  0.0
6  0.89600000000000002  0.0
2  1.0  0.0
3  0.0  0.0
4  0.0  0.0
5  0.46800000000000003  0.0
6  1.0  0.0
2  0.0  0.0
3  0.95199999999999996  0.0
4  0.98199999999999998  0.0
5  0.13  0.0
6  0.0080000000000000002  0.0
2  1.0  0.0
3  1.0  0.0
4  0.97199999999999998  0.0
5  0.0  0.0
6  1.0  0.0
2  0.0  0.0
3  0.0  0.0
4  0.13  0.0
5  0.0  0.0
6  0.0080000000000000002  0.0
2  1.0  0.0
3  0.0  0.0
4  1.0  0.0
5  0.0  0.0
6  0.0040000000000000001  0.0
2  1.0  0.0
3  0.0  0.0
4  0.82399999999999995  0.0
5  0.0  0.0
6  0.996  0.0
2  1.0  0.0
3  0.0  0.0
4  1.0  0.0
5  1.0  0.0
6  0.0  0.0
2  1.0  0.0
3  0.20399999999999999  0.0
4  0.0  0.0
5  0.45800000000000002  0.0
6  0.35399999999999998  0.0
2  0.97799999999999998  0.0
3  0.58599999999999997  0.0
4  1.0  0.0
5  0.032000000000000001  0.0
6  0.002  0.0
2  0.021999999999999999  0.0
3  0.0  0.0
4  0.012  0.0
5  0.97399999999999998  0.0
6  0.0  0.0
2  0.0  0.0
3  0.0  0.0
4  0.998  0.0
5  0.93799999999999994  0.0
6  0.0  0.0
2  1.0  0.0
3  1.0  0.0
4  1.0  0.0
5  0.0  0.0
6  0.0  0.0
2  0.14000000000000001  0.0
3  0.0040000000000000001  0.0
4  1.0  0.0
5  0.996  0.0
6  0.56200000000000006  0.0
2  1.0  0.0
3  1.0  0.0
4  0.28199999999999997  0.0
5  0.0  0.0
6  0.53200000000000003  0.0
2  0.0  0.0
3  0.0  0.0
4  1.0  0.0
5  0.0  0.0
6  1.0  0.0
2  0.002  0.0
3  0.95799999999999996  0.0
4  0.037999999999999999  0.0
5  0.0  0.0
6  0.86799999999999999  0.0
2  1.0  0.0
3  0.0  0.0
4  1.0  0.0
5  0.14599999999999999  0.0
6  0.002  0.0
