2  1.0  0.0
3  1.0  0.0
4  1.0  0.0
5  1.0  0.0
6  1.0  0.0002105263157894737
2  1.0  0.0
3  1.0  0.0012631578947368421
4  1.0  0.010631578947368421
5  1.0  0.0014736842105263158
6  1.0  0.0024210526315789475
2  1.0  0.0
3  1.0  0.0
4  1.0  0.0
5  1.0  0.0
6  1.0  0.0049473684210526317
2  1.0  0.00042105263157894739
3  1.0  0.0
4  1.0  0.0
5  1.0  0.0017894736842105263
6  1.0  0.0044210526315789471
2  1.0  0.0
3  1.0  0.00031578947368421053
4  1.0  0.00031578947368421053
5  1.0  0.0031578947368421052
6  1.0  0.00042105263157894739
2  1.0  0.0015789473684210526
3  1.0  0.0
4  1.0  0.0045263157894736838
5  1.0  0.010421052631578947
6  1.0  0.0014736842105263158
2  1.0  0.0
3  1.0  0.0
4  1.0  0.007684210526315789
5  1.0  0.00042105263157894739
6  1.0  0.006842105263157895
2  1.0  0.0
3  1.0  0.0
4  1.0  0.0
5  1.0  0.0045263157894736838
6  1.0  0.0002105263157894737
2  1.0  0.0057894736842105266
3  1.0  0.0016842105263157896
4  1.0  0.0
5  1.0  0.00010526315789473685
6  1.0  0.0084210526315789472
2  1.0  0.0010526315789473684
3  1.0  0.00031578947368421053
4  1.0  0.0
5  1.0  0.0047368421052631582
6  1.0  0.0084210526315789472
