0.31622776601683794  1.0  0.0
0.44721359549995793  1.0  0.0
0.54772255750516607  0.97999999999999998  0.0031578947368421052
0.63245553203367588  1.0  0.0010526315789473684
0.70710678118654757  1.0  0.0
0.7745966692414834  1.0  0.0
0.83666002653407556  1.0  0.0063157894736842104
0.89442719099991586  0.97999999999999998  0.032631578947368421
0.94868329805051377  1.0  0.0
1.0  1.0  0.0
0.31622776601683794  1.0  0.0
0.44721359549995793  1.0  0.0042105263157894736
0.54772255750516607  1.0  0.0021052631578947368
0.63245553203367588  1.0  0.0
0.70710678118654757  1.0  0.0
0.7745966692414834  1.0  0.0
0.83666002653407556  1.0  0.0
0.89442719099991586  1.0  0.0
0.94868329805051377  1.0  0.0021052631578947368
1.0  1.0  0.0010526315789473684
0.31622776601683794  1.0  0.0
0.44721359549995793  1.0  0.0031578947368421052
0.54772255750516607  1.0  0.0
0.63245553203367588  1.0  0.0
0.70710678118654757  1.0  0.0031578947368421052
0.7745966692414834  0.95999999999999996  0.05473684210526316
0.83666002653407556  1.0  0.0
0.89442719099991586  1.0  0.0
0.94868329805051377  1.0  0.0010526315789473684
1.0  0.95999999999999996  0.065263157894736842
0.31622776601683794  1.0  0.0
0.44721359549995793  1.0  0.0
0.54772255750516607  1.0  0.0
0.63245553203367588  1.0  0.015789473684210527
0.70710678118654757  1.0  0.0
0.7745966692414834  1.0  0.021052631578947368
0.83666002653407556  0.73999999999999999  0.092631578947368426
0.89442719099991586  1.0  0.0
0.94868329805051377  1.0  0.0
1.0  0.90000000000000002  0.090526315789473691
0.31622776601683794  1.0  0.0
0.44721359549995793  1.0  0.0
0.54772255750516607  1.0  0.0
0.63245553203367588  1.0  0.0
0.70710678118654757  1.0  0.005263157894736842
0.7745966692414834  1.0  0.0
0.83666002653407556  1.0  0.0
0.89442719099991586  1.0  0.0
0.94868329805051377  0.97999999999999998  0.042105263157894736
1.0  0.97999999999999998  0.0031578947368421052
0.31622776601683794  1.0  0.0
0.44721359549995793  1.0  0.0
0.54772255750516607  1.0  0.0
0.63245553203367588  1.0  0.0063157894736842104
0.70710678118654757  1.0  0.0010526315789473684
0.7745966692414834  1.0  0.0
0.83666002653407556  1.0  0.028421052631578948
0.89442719099991586  1.0  0.0
0.94868329805051377  1.0  0.010526315789473684
1.0  0.97999999999999998  0.017894736842105262
0.31622776601683794  1.0  0.0
0.44721359549995793  1.0  0.0
0.54772255750516607  1.0  0.0
0.63245553203367588  1.0  0.0
0.70710678118654757  1.0  0.0
0.7745966692414834  0.97999999999999998  0.025263157894736842
0.83666002653407556  0.97999999999999998  0.031578947368421054
0.89442719099991586  1.0  0.0042105263157894736
0.94868329805051377  1.0  0.0
1.0  1.0  0.0010526315789473684
0.31622776601683794  1.0  0.0
0.44721359549995793  1.0  0.0
0.54772255750516607  1.0  0.0
0.63245553203367588  1.0  0.0
0.70710678118654757  1.0  0.0063157894736842104
0.7745966692414834  1.0  0.0
0.83666002653407556  1.0  0.0
0.89442719099991586  1.0  0.0
0.94868329805051377  1.0  0.0010526315789473684
1.0  1.0  0.0
0.31622776601683794  1.0  0.0
0.44721359549995793  1.0  0.0
0.54772255750516607  1.0  0.0021052631578947368
0.63245553203367588  0.95999999999999996  0.024210526315789474
0.70710678118654757  1.0  0.0
0.7745966692414834  1.0  0.0
0.83666002653407556  0.92000000000000004  0.037894736842105266
0.89442719099991586  0.97999999999999998  0.0031578947368421052
0.94868329805051377  1.0  0.0
1.0  0.83999999999999997  0.15368421052631578
0.31622776601683794  1.0  0.0
0.44721359549995793  1.0  0.0
0.54772255750516607  1.0  0.0
0.63245553203367588  0.95999999999999996  0.052631578947368418
0.70710678118654757  1.0  0.0
0.7745966692414834  1.0  0.0
0.83666002653407556  1.0  0.0063157894736842104
0.89442719099991586  1.0  0.0
0.94868329805051377  1.0  0.0021052631578947368
1.0  1.0  0.0
