2  0.0  0.0
3  1.0  0.0
4  1.0  0.0
5  1.0  0.0
6  1.0  0.0
2  1.0  0.0
3  0.0  0.0
4  0.0  0.0
5  0.0  0.0
6  0.002  0.0
2  0.0  0.0
3  0.0  0.0
4  0.0  0.0
5  1.0  0.0
6  1.0  0.0
2  1.0  0.0
3  1.0  0.0
4  0.0  0.0
5  1.0  0.0
6  0.0  0.0
2  0.0  0.0
3  0.0  0.0
4  0.0  0.0
5  1.0  0.0
6  1.0  0.0
2  0.0  0.0
3  1.0  0.0
4  0.0  0.0
5  0.0  0.0
6  1.0  0.0
2  0.0  0.0
3  0.0  0.0
4  1.0  0.0
5  1.0  0.0
6  0.0  0.0
2  1.0  0.0
3  1.0  0.0
4  0.0  0.0
5  0.0  0.0
6  0.0  0.0
2  0.0  0.0
3  0.98799999999999999  0.0
4  0.0  0.0
5  0.0  0.0
6  1.0  0.0
2  0.0  0.0
3  1.0  0.0
4  1.0  0.0
5  1.0  0.0
6  0.0  0.0
2  0.0  0.0
3  0.0  0.0
4  0.01  0.0
5  1.0  0.0
6  1.0  0.0
2  0.0  0.0
3  1.0  0.0
4  1.0  0.0
5  1.0  0.0
6  1.0  0.0
2  1.0  0.0
3  1.0  0.0
4  0.0  0.0
5  1.0  0.0
6  1.0  0.0
2  1.0  0.0
3  0.17999999999999999  0.0
4  0.45600000000000002  0.0
5  0.0  0.0
6  0.0  0.0
2  0.032000000000000001  0.0
3  0.0  0.0
4  1.0  0.0
5  0.0  0.0
6  1.0  0.0
2  0.0  0.0
3  0.0  0.0
4  1.0  0.0
5  0.0  0.0
6  1.0  0.0
2  0.0  0.0
3  0.0  0.0
4  0.0  0.0
5  1.0  0.0
6  0.14000000000000001  0.0
2  1.0  0.0
3  1.0  0.0
4  0.0  0.0
5  1.0  0.0
6  1.0  0.0
2  0.0  0.0
3  1.0  0.0
4  1.0  0.0
5  1.0  0.0
6  1.0  0.0
2  0.0  0.0
3  1.0  0.0
4  1.0  0.0
5  0.0  0.0
6  0.0  0.0
2  0.0  0.0
3  0.0  0.0
4  0.0  0.0
5  1.0  0.0
6  0.97799999999999998  0.0
2  0.0  0.0
3  0.0  0.0
4  0.0  0.0
5  1.0  0.0
6  1.0  0.0
2  0.0  0.0
3  1.0  0.0
4  0.0  0.0
5  0.0  0.0
6  1.0  0.0
2  0.996  0.0
3  1.0  0.0
4  0.0  0.0
5  0.93200000000000005  0.0
6  1.0  0.0
2  1.0  0.0
3  0.0  0.0
4  0.0  0.0
5  0.0  0.0
6  0.0  0.0
2  0.0  0.0
3  0.0  0.0
4  1.0  0.0
5  0.94999999999999996  0.0
6  1.0  0.0
2  1.0  0.0
3  0.0  0.0
4  0.0  0.0
5  1.0  0.0
6  1.0  0.0
2  0.0  0.0
3  0.0  0.0
4  0.0  0.0
5  1.0  0.0
6  0.59999999999999998  0.0
2  0.0  0.0
3  1.0  0.0
4  0.0  0.0
5  1.0  0.0
6  1.0  0.0
2  0.0  0.0
3  0.996  0.0
4  1.0  0.0
5  0.0  0.0
6  1.0  0.0
2  1.0  0.0
3  1.0  0.0
4  1.0  0.0
5  0.0  0.0
6  1.0  0.0
2  1.0  0.0
3  0.0  0.0
4  1.0  0.0
5  1.0  0.0
6  0.0  0.0
2  0.0  0.0
3  0.0  0.0
4  1.0  0.0
5  0.0  0.0
6  0.012  0.0
2  1.0  0.0
3  0.0  0.0
4  1.0  0.0
5  0.0  0.0
6  1.0  0.0
2  1.0  0.0
3  0.0  0.0
4  0.0  0.0
5  1.0  0.0
6  1.0  0.0
2  0.0  0.0
3  1.0  0.0
4  0.0  0.0
5  1.0  0.0
6  0.0  0.0
2  1.0  0.0
3  1.0  0.0
4  0.0  0.0
5  1.0  0.0
6  0.0  0.0
2  0.0  0.0
3  1.0  0.0
4  0.0  0.0
5  1.0  0.0
6  1.0  0.0
2  0.0  0.0
3  0.0  0.0
4  0.075999999999999998  0.0
5  1.0  0.0
6  0.0  0.0
2  1.0  0.0
3  1.0  0.0
4  0.0  0.0
5  1.0  0.0
6  0.0  0.0
2  0.002  0.0
3  1.0  0.0
4  0.0  0.0
5  1.0  0.0
6  0.89000000000000001  0.0
2  0.0  0.0
3  0.0  0.0
4  0.0  0.0
5  0.0  0.0
6  1.0  0.0
2  0.0  0.0
3  1.0  0.0
4  1.0  0.0
5  0.0  0.0
6  0.26000000000000001  0.0
2  1.0  0.0
3  0.0  0.0
4  0.0  0.0
5  1.0  0.0
6  1.0  0.0
2  0.0  0.0
3  1.0  0.0
4  0.0  0.0
5  0.0  0.0
6  0.0  0.0
2  0.0  0.0
3  1.0  0.0
4  1.0  0.0
5  1.0  0.0
6  1.0  0.0
2  1.0  0.0
3  1.0  0.0
4  0.0  0.0
5  1.0  0.0
6  1.0  0.0
2  1.0  0.0
3  1.0  0.0
4  0.0  0.0
5  1.0  0.0
6  1.0  0.0
2  0.014  0.0
3  0.0  0.0
4  1.0  0.0
5  0.0  0.0
6  1.0  0.0
2  0.0  0.0
3  0.0  0.0
4  0.0  0.0
5  1.0  0.0
6  1.0  0.0
2  1.0  0.0
3  0.0  0.0
4  0.0  0.0
5  1.0  0.0
6  1.0  0.0
2  0.0  0.0
3  1.0  0.0
4  1.0  0.0
5  0.0  0.0
6  0.0  0.0
2  0.0  0.0
3  1.0  0.0
4  0.0  0.0
5  0.0  0.0
6  1.0  0.0
2  1.0  0.0
3  0.0  0.0
4  0.0040000000000000001  0.0
5  0.0  0.0
6  1.0  0.0
2  0.0  0.0
3  1.0  0.0
4  0.0  0.0
5  1.0  0.0
6  0.0  0.0
2  0.0  0.0
3  0.0  0.0
4  0.0  0.0
5  0.0  0.0
6  0.0  0.0
2  0.0  0.0
3  0.0  0.0
4  0.0  0.0
5  0.0  0.0
6  1.0  0.0
2  0.0  0.0
3  0.0  0.0
4  0.0  0.0
5  0.83799999999999997  0.0
6  0.0  0.0
2  0.0  0.0
3  0.0  0.0
4  1.0  0.0
5  0.0  0.0
6  0.0  0.0
2  0.0  0.0
3  0.0  0.0
4  0.0  0.0
5  1.0  0.0
6  0.998  0.0
2  0.99399999999999999  0.0
3  0.0  0.0
4  0.0  0.0
5  0.0  0.0
6  0.0  0.0
2  0.0  0.0
3  1.0  0.0
4  0.0  0.0
5  0.0  0.0
6  0.0  0.0
2  0.0  0.0
3  0.0  0.0
4  0.0  0.0
5  0.0  0.0
6  0.0  0.0
2  0.0  0.0
3  0.0  0.0
4  1.0  0.0
5  0.0  0.0
6  0.0  0.0
2  1.0  0.0
3  0.0  0.0
4  0.0  0.0
5  1.0  0.0
6  0.0  0.0
2  1.0  0.0
3  1.0  0.0
4  0.021999999999999999  0.0
5  1.0  0.0
6  0.0  0.0
2  0.0  0.0
3  1.0  0.0
4  0.0  0.0
5  0.0  0.0
6  1.0  0.0
2  0.0  0.0
3  0.0  0.0
4  1.0  0.0
5  1.0  0.0
6  1.0  0.0
2  0.0  0.0
3  0.0  0.0
4  1.0  0.0
5  1.0  0.0
6  1.0  0.0
2  1.0  0.0
3  0.0  0.0
4  1.0  0.0
5  0.0  0.0
6  0.79800000000000004  0.0
2  0.0  0.0
3  1.0  0.0
4  0.0  0.0
5  1.0  0.0
6  1.0  0.0
2  0.0  0.0
3  1.0  0.0
4  1.0  0.0
5  1.0  0.0
6  1.0  0.0
2  0.0  0.0
3  0.0  0.0
4  0.13400000000000001  0.0
5  0.0  0.0
6  1.0  0.0
2  0.0  0.0
3  0.0  0.0
4  0.0  0.0
5  1.0  0.0
6  1.0  0.0
2  1.0  0.0
3  0.0  0.0
4  1.0  0.0
5  0.0  0.0
6  1.0  0.0
2  0.0  0.0
3  0.0  0.0
4  1.0  0.0
5  0.0  0.0
6  0.0  0.0
2  1.0  0.0
3  0.25800000000000001  0.0
4  0.0  0.0
5  1.0  0.0
6  1.0  0.0
2  0.0  0.0
3  0.0  0.0
4  0.0  0.0
5  0.79400000000000004  0.0
6  0.84199999999999997  0.0
2  1.0  0.0
3  0.064000000000000001  0.0
4  0.0  0.0
5  1.0  0.0
6  0.996  0.0
2  0.0  0.0
3  1.0  0.0
4  0.0  0.0
5  0.0  0.0
6  0.0  0.0
2  0.0  0.0
3  1.0  0.0
4  1.0  0.0
5  1.0  0.0
6  1.0  0.0
2  0.0  0.0
3  0.0  0.0
4  0.0  0.0
5  1.0  0.0
6  0.0  0.0
2  0.0  0.0
3  0.0  0.0
4  0.0  0.0
5  1.0  0.0
6  1.0  0.0
2  0.0  0.0
3  0.0  0.0
4  1.0  0.0
5  1.0  0.0
6  0.0  0.0
2  0.0  0.0
3  1.0  0.0
4  1.0  0.0
5  0.042000000000000003  0.0
6  0.0  0.0
2  0.0  0.0
3  0.0  0.0
4  1.0  0.0
5  0.0  0.0
6  0.0  0.0
2  0.0  0.0
3  1.0  0.0
4  0.0  0.0
5  0.0  0.0
6  1.0  0.0
2  1.0  0.0
3  1.0  0.0
4  0.0  0.0
5  1.0  0.0
6  1.0  0.0
2  1.0  0.0
3  1.0  0.0
4  0.0  0.0
5  1.0  0.0
6  1.0  0.0
2  0.0  0.0
3  0.0  0.0
4  1.0  0.0
5  1.0  0.0
6  0.0  0.0
2  0.0  0.0
3  0.0  0.0
4  0.0  0.0
5  0.0  0.0
6  1.0  0.0
2  0.050000000000000003  0.0
3  1.0  0.0
4  1.0  0.0
5  1.0  0.0
6  1.0  0.0
2  0.0  0.0
3  0.0  0.0
4  1.0  0.0
5  0.0  0.0
6  0.0  0.0
2  1.0  0.0
3  1.0  0.0
4  1.0  0.0
5  1.0  0.0
6  1.0  0.0
2  1.0  0.0
3  1.0  0.0
4  1.0  0.0
5  1.0  0.0
6  1.0  0.0
2  1.0  0.0
3  0.0  0.0
4  0.0  0.0
5  1.0  0.0
6  1.0  0.0
2  0.0  0.0
3  0.0  0.0
4  0.0  0.0
5  0.0  0.0
6  0.0  0.0
2  0.0  0.0
3  0.0  0.0
4  0.0  0.0
5  1.0  0.0
6  0.0  0.0
2  1.0  0.0
3  0.0  0.0
4  0.46600000000000003  0.0
5  0.0  0.0
6  1.0  0.0
2  0.0  0.0
3  0.55800000000000005  0.0
4  1.0  0.0
5  0.0  0.0
6  1.0  0.0
