2  0.002  0.0
3  1.0  0.0
4  0.0  0.0
5  0.374  0.0
6  0.19400000000000001  0.0
2  1.0  0.0
3  0.0  0.0
4  0.25  0.0
5  0.002  0.0
6  0.0  0.0
2  1.0  0.0
3  0.52200000000000002  0.0
4  0.60799999999999998  0.0
5  0.0  0.0
6  0.0  0.0
2  0.108  0.0
3  0.0080000000000000002  0.0
4  1.0  0.0
5  1.0  0.0
6  0.97599999999999998  0.0
2  1.0  0.0
3  1.0  0.0
4  1.0  0.0
5  1.0  0.0
6  0.062  0.0
2  0.0  0.0
3  0.33200000000000002  0.0
4  1.0  0.0
5  0.0  0.0
6  0.0  0.0
2  0.0  0.0
3  0.158  0.0
4  1.0  0.0
5  0.20200000000000001  0.0
6  1.0  0.0
2  0.14999999999999999  0.0
3  1.0  0.0
4  0.60199999999999998  0.0
5  0.0  0.0
6  0.61199999999999999  0.0
2  0.002  0.0
3  0.17599999999999999  0.0
4  0.002  0.0
5  0.0  0.0
6  0.99199999999999999  0.0
2  1.0  0.0
3  0.040000000000000001  0.0
4  1.0  0.0
5  0.128  0.0
6  0.056000000000000001  0.0
2  1.0  0.0
3  1.0  0.0
4  1.0  0.0
5  1.0  0.0
6  0.050000000000000003  0.0
2  1.0  0.0
3  0.998  0.0
4  0.81999999999999995  0.0
5  0.0  0.0
6  0.79200000000000004  0.0
2  1.0  0.0
3  0.88600000000000001  0.0
4  0.99199999999999999  0.0
5  1.0  0.0
6  0.29599999999999999  0.0
2  0.0  0.0
3  1.0  0.0
4  0.0  0.0
5  0.02  0.0
6  0.37  0.0
2  1.0  0.0
3  0.0  0.0
4  1.0  0.0
5  0.0  0.0
6  0.017999999999999999  0.0
2  0.99199999999999999  0.0
3  1.0  0.0
4  0.998  0.0
5  0.79600000000000004  0.0
6  0.84599999999999997  0.0
2  0.82999999999999996  0.0
3  1.0  0.0
4  0.996  0.0
5  0.0060000000000000001  0.0
6  1.0  0.0
2  1.0  0.0
3  1.0  0.0
4  0.68200000000000005  0.0
5  0.062  0.0
6  1.0  0.0
2  0.98399999999999999  0.0
3  0.0  0.0
4  0.0  0.0
5  0.084000000000000005  0.0
6  0.0  0.0
2  0.0  0.0
3  0.79200000000000004  0.0
4  0.01  0.0
5  1.0  0.0
6  0.082000000000000003  0.0
2  0.0  0.0
3  1.0  0.0
4  1.0  0.0
5  0.0060000000000000001  0.0
6  0.98999999999999999  0.0
2  1.0  0.0
3  0.96199999999999997  0.0
4  0.0  0.0
5  0.13400000000000001  0.0
6  0.122  0.0
2  1.0  0.0
3  0.13200000000000001  0.0
4  0.0  0.0
5  0.0  0.0
6  0.54000000000000004  0.0
2  1.0  0.0
3  1.0  0.0
4  1.0  0.0
5  0.124  0.0
6  0.0  0.0
2  1.0  0.0
3  1.0  0.0
4  0.0080000000000000002  0.0
5  0.0  0.0
6  1.0  0.0
2  0.93600000000000005  0.0
3  0.002  0.0
4  1.0  0.0
5  0.57599999999999996  0.0
6  1.0  0.0
2  0.0  0.0
3  0.0  0.0
4  1.0  0.0
5  0.0  0.0
6  1.0  0.0
2  1.0  0.0
3  0.0  0.0
4  1.0  0.0
5  0.0  0.0
6  0.41599999999999998  0.0
2  0.98199999999999998  0.0
3  1.0  0.0
4  0.0  0.0
5  0.0  0.0
6  0.82199999999999995  0.0
2  0.14000000000000001  0.0
3  0.0  0.0
4  1.0  0.0
5  0.95199999999999996  0.0
6  1.0  0.0
2  0.998  0.0
3  0.0  0.0
4  1.0  0.0
5  0.10000000000000001  0.0
6  1.0  0.0
2  1.0  0.0
3  0.20200000000000001  0.0
4  1.0  0.0
5  0.098000000000000004  0.0
6  0.0  0.0
2  1.0  0.0
3  0.73199999999999998  0.0
4  0.0  0.0
5  1.0  0.0
6  1.0  0.0
2  0.998  0.0
3  1.0  0.0
4  1.0  0.0
5  1.0  0.0
6  0.024  0.0
2  1.0  0.0
3  0.0  0.0
4  0.002  0.0
5  0.12  0.0
6  0.0  0.0
2  1.0  0.0
3  0.98999999999999999  0.0
4  0.97999999999999998  0.0
5  0.087999999999999995  0.0
6  0.20200000000000001  0.0
2  1.0  0.0
3  0.0  0.0
4  1.0  0.0
5  1.0  0.0
6  0.19400000000000001  0.0
2  1.0  0.0
3  1.0  0.0
4  1.0  0.0
5  1.0  0.0
6  1.0  0.0
2  1.0  0.0
3  1.0  0.0
4  0.012  0.0
5  0.014  0.0
6  1.0  0.0
2  0.60999999999999999  0.0
3  0.0  0.0
4  0.0040000000000000001  0.0
5  0.01  0.0
6  0.13800000000000001  0.0
2  0.0080000000000000002  0.0
3  1.0  0.0
4  1.0  0.0
5  0.996  0.0
6  0.091999999999999998  0.0
2  0.98199999999999998  0.0
3  0.0  0.0
4  1.0  0.0
5  0.0  0.0
6  0.98999999999999999  0.0
2  1.0  0.0
3  0.45600000000000002  0.0
4  1.0  0.0
5  0.94199999999999995  0.0
6  0.084000000000000005  0.0
2  0.0  0.0
3  0.02  0.0
4  0.0  0.0
5  0.002  0.0
6  1.0  0.0
2  0.089999999999999997  0.0
3  0.0  0.0
4  0.002  0.0
5  0.89800000000000002  0.0
6  1.0  0.0
2  1.0  0.0
3  1.0  0.0
4  1.0  0.0
5  0.0  0.0
6  1.0  0.0
2  1.0  0.0
3  1.0  0.0
4  0.504  0.0
5  0.0  0.0
6  0.70599999999999996  0.0
2  0.60999999999999999  0.0
3  0.27000000000000002  0.0
4  1.0  0.0
5  1.0  0.0
6  0.51600000000000001  0.0
2  0.42799999999999999  0.0
3  0.63400000000000001  0.0
4  1.0  0.0
5  0.996  0.0
6  0.0  0.0
2  1.0  0.0
3  0.99199999999999999  0.0
4  0.0040000000000000001  0.0
5  0.56000000000000005  0.0
6  0.76600000000000001  0.0
2  0.188  0.0
3  1.0  0.0
4  0.0  0.0
5  1.0  0.0
6  0.53400000000000003  0.0
2  0.0  0.0
3  0.82399999999999995  0.0
4  0.95999999999999996  0.0
5  0.0  0.0
6  0.0  0.0
2  1.0  0.0
3  0.0  0.0
4  1.0  0.0
5  0.0  0.0
6  0.0080000000000000002  0.0
2  0.0  0.0
3  1.0  0.0
4  0.0  0.0
5  0.14799999999999999  0.0
6  1.0  0.0
2  0.99199999999999999  0.0
3  1.0  0.0
4  1.0  0.0
5  0.002  0.0
6  0.996  0.0
2  0.02  0.0
3  1.0  0.0
4  0.066000000000000003  0.0
5  0.0  0.0
6  0.17399999999999999  0.0
2  0.11799999999999999  0.0
3  0.52600000000000002  0.0
4  0.051999999999999998  0.0
5  0.95799999999999996  0.0
6  1.0  0.0
2  1.0  0.0
3  0.0  0.0
4  1.0  0.0
5  0.0  0.0
6  1.0  0.0
2  1.0  0.0
3  0.0  0.0
4  0.0  0.0
5  0.0  0.0
6  0.45000000000000001  0.0
2  0.99399999999999999  0.0
3  0.39000000000000001  0.0
4  1.0  0.0
5  0.0  0.0
6  1.0  0.0
2  1.0  0.0
3  0.0  0.0
4  1.0  0.0
5  1.0  0.0
6  0.98199999999999998  0.0
2  1.0  0.0
3  0.99199999999999999  0.0
4  0.0  0.0
5  0.034000000000000002  0.0
6  0.996  0.0
2  1.0  0.0
3  0.045999999999999999  0.0
4  1.0  0.0
5  0.002  0.0
6  0.122  0.0
2  0.85999999999999999  0.0
3  1.0  0.0
4  0.434  0.0
5  0.0  0.0
6  1.0  0.0
2  1.0  0.0
3  0.67200000000000004  0.0
4  1.0  0.0
5  0.0  0.0
6  0.091999999999999998  0.0
2  1.0  0.0
3  0.0  0.0
4  1.0  0.0
5  0.0  0.0
6  1.0  0.0
2  0.99199999999999999  0.0
3  0.021999999999999999  0.0
4  0.035999999999999997  0.0
5  1.0  0.0
6  1.0  0.0
2  1.0  0.0
3  0.0  0.0
4  0.002  0.0
5  0.02  0.0
6  0.996  0.0
2  0.0  0.0
3  0.0  0.0
4  0.089999999999999997  0.0
5  0.16800000000000001  0.0
6  0.0  0.0
2  0.0  0.0
3  0.628  0.0
4  1.0  0.0
5  0.0  0.0
6  0.54800000000000004  0.0
2  0.017999999999999999  0.0
3  1.0  0.0
4  1.0  0.0
5  0.0  0.0
6  0.96599999999999997  0.0
2  1.0  0.0
3  0.0  0.0
4  0.066000000000000003  0.0
5  0.0  0.0
6  0.67000000000000004  0.0
2  0.085999999999999993  0.0
3  0.045999999999999999  0.0
4  0.002  0.0
5  0.0040000000000000001  0.0
6  0.0  0.0
2  0.14000000000000001  0.0
3  1.0  0.0
4  0.998  0.0
5  0.25600000000000001  0.0
6  1.0  0.0
2  0.0  0.0
3  1.0  0.0
4  0.002  0.0
5  0.0  0.0
6  0.998  0.0
2  0.59199999999999997  0.0
3  1.0  0.0
4  0.0  0.0
5  1.0  0.0
6  0.002  0.0
2  1.0  0.0
3  0.0  0.0
4  1.0  0.0
5  0.876  0.0
6  0.90800000000000003  0.0
2  1.0  0.0
3  0.0  0.0
4  1.0  0.0
5  0.63600000000000001  0.0
6  1.0  0.0
2  1.0  0.0
3  0.99399999999999999  0.0
4  0.016  0.0
5  1.0  0.0
6  1.0  0.0
2  0.98799999999999999  0.0
3  1.0  0.0
4  1.0  0.0
5  0.0  0.0
6  0.94399999999999995  0.0
2  1.0  0.0
3  0.0  0.0
4  1.0  0.0
5  0.0  0.0
6  1.0  0.0
2  0.0  0.0
3  1.0  0.0
4  1.0  0.0
5  0.0  0.0
6  0.502  0.0
2  1.0  0.0
3  0.66600000000000004  0.0
4  1.0  0.0
5  0.017999999999999999  0.0
6  1.0  0.0
2  0.0040000000000000001  0.0
3  0.0040000000000000001  0.0
4  1.0  0.0
5  0.0040000000000000001  0.0
6  0.035999999999999997  0.0
2  1.0  0.0
3  0.54000000000000004  0.0
4  0.014  0.0
5  0.034000000000000002  0.0
6  1.0  0.0
2  1.0  0.0
3  0.97999999999999998  0.0
4  1.0  0.0
5  0.02  0.0
6  0.014  0.0
2  0.0040000000000000001  0.0
3  0.017999999999999999  0.0
4  1.0  0.0
5  0.050000000000000003  0.0
6  0.98799999999999999  0.0
2  1.0  0.0
3  0.874  0.0
4  0.016  0.0
5  0.0  0.0
6  0.0  0.0
2  0.95199999999999996  0.0
3  0.39000000000000001  0.0
4  0.23200000000000001  0.0
5  0.0  0.0
6  0.0  0.0
2  1.0  0.0
3  1.0  0.0
4  1.0  0.0
5  1.0  0.0
6  0.0  0.0
2  1.0  0.0
3  1.0  0.0
4  0.33200000000000002  0.0
5  1.0  0.0
6  0.92800000000000005  0.0
2  1.0  0.0
3  1.0  0.0
4  0.002  0.0
5  0.26000000000000001  0.0
6  0.0  0.0
2  1.0  0.0
3  0.20000000000000001  0.0
4  1.0  0.0
5  0.037999999999999999  0.0
6  1.0  0.0
2  1.0  0.0
3  1.0  0.0
4  0.75800000000000001  0.0
5  0.0  0.0
6  1.0  0.0
2  1.0  0.0
3  1.0  0.0
4  1.0  0.0
5  0.0  0.0
6  0.80800000000000005  0.0
2  1.0  0.0
3  0.0  0.0
4  1.0  0.0
5  0.0040000000000000001  0.0
6  0.92400000000000004  0.0
2  0.17599999999999999  0.0
3  0.0  0.0
4  0.94799999999999995  0.0
5  0.98799999999999999  0.0
6  1.0  0.0
2  1.0  0.0
3  1.0  0.0
4  1.0  0.0
5  0.86399999999999999  0.0
6  0.0040000000000000001  0.0
2  1.0  0.0
3  0.0  0.0
4  0.0  0.0
5  0.98199999999999998  0.0
6  0.0  0.0
2  1.0  0.0
3  0.996  0.0
4  0.024  0.0
5  0.73999999999999999  0.0
6  0.0  0.0
