0.1  0.29999999999999999  0.0
0.2  1.0  0.0
0.3  0.66000000000000003  0.0010526315789473684
0.4  1.0  0.0010526315789473684
0.5  0.97999999999999998  0.0063157894736842104
0.6  0.88  0.014736842105263158
0.7  0.54000000000000004  0.011578947368421053
0.8  0.44  0.025263157894736842
0.9  1.0  0.033684210526315789
1.0  0.73999999999999999  0.032631578947368421
0.1  1.0  0.0
0.2  1.0  0.0
0.3  1.0  0.0
0.4  0.71999999999999997  0.0
0.5  0.83999999999999997  0.0021052631578947368
0.6  0.93999999999999995  0.0084210526315789472
0.7  0.73999999999999999  0.0084210526315789472
0.8  0.85999999999999999  0.016842105263157894
0.9  0.95999999999999996  0.026315789473684209
1.0  0.46000000000000002  0.023157894736842106
0.1  0.46000000000000002  0.0
0.2  1.0  0.0
0.3  1.0  0.0
0.4  0.68000000000000005  0.0010526315789473684
0.5  0.93999999999999995  0.0063157894736842104
0.6  0.76000000000000001  0.0063157894736842104
0.7  1.0  0.012631578947368421
0.8  0.88  0.025263157894736842
0.9  0.73999999999999999  0.022105263157894735
1.0  0.5  0.031578947368421054
0.1  1.0  0.0
0.2  0.80000000000000004  0.0
0.3  1.0  0.0
0.4  0.93999999999999995  0.0010526315789473684
0.5  0.97999999999999998  0.005263157894736842
0.6  0.85999999999999999  0.0084210526315789472
0.7  0.5  0.018947368421052633
0.8  0.93999999999999995  0.018947368421052633
0.9  0.68000000000000005  0.024210526315789474
1.0  0.38  0.023157894736842106
0.1  0.78000000000000003  0.0
0.2  0.90000000000000002  0.0
0.3  0.71999999999999997  0.0
0.4  0.93999999999999995  0.0031578947368421052
0.5  0.97999999999999998  0.005263157894736842
0.6  0.73999999999999999  0.0094736842105263164
0.7  1.0  0.0084210526315789472
0.8  0.68000000000000005  0.017894736842105262
0.9  0.88  0.023157894736842106
1.0  0.92000000000000004  0.025263157894736842
0.1  0.83999999999999997  0.0
0.2  0.5  0.0
0.3  1.0  0.0
0.4  0.85999999999999999  0.0021052631578947368
0.5  0.80000000000000004  0.0021052631578947368
0.6  0.47999999999999998  0.010526315789473684
0.7  1.0  0.021052631578947368
0.8  0.81999999999999995  0.02
0.9  1.0  0.034736842105263156
1.0  0.54000000000000004  0.022105263157894735
0.1  1.0  0.0
0.2  0.69999999999999996  0.0
0.3  1.0  0.0
0.4  1.0  0.0010526315789473684
0.5  1.0  0.005263157894736842
0.6  0.56000000000000005  0.0094736842105263164
0.7  0.57999999999999996  0.018947368421052633
0.8  0.76000000000000001  0.015789473684210527
0.9  0.88  0.021052631578947368
1.0  0.66000000000000003  0.034736842105263156
0.1  0.93999999999999995  0.0
0.2  1.0  0.0
0.3  0.59999999999999998  0.0010526315789473684
0.4  1.0  0.0010526315789473684
0.5  1.0  0.0010526315789473684
0.6  0.95999999999999996  0.0094736842105263164
0.7  0.68000000000000005  0.0063157894736842104
0.8  1.0  0.014736842105263158
0.9  0.85999999999999999  0.030526315789473683
1.0  0.80000000000000004  0.033684210526315789
0.1  1.0  0.0
0.2  0.95999999999999996  0.0
0.3  0.73999999999999999  0.0
0.4  0.54000000000000004  0.0021052631578947368
0.5  0.5  0.0042105263157894736
0.6  0.68000000000000005  0.0073684210526315788
0.7  1.0  0.010526315789473684
0.8  0.44  0.016842105263157894
0.9  0.52000000000000002  0.02736842105263158
1.0  0.47999999999999998  0.032631578947368421
0.1  0.59999999999999998  0.0
0.2  1.0  0.0
0.3  0.40000000000000002  0.0010526315789473684
0.4  1.0  0.0021052631578947368
0.5  1.0  0.0063157894736842104
0.6  0.95999999999999996  0.010526315789473684
0.7  0.64000000000000001  0.0084210526315789472
0.8  0.92000000000000004  0.014736842105263158
0.9  1.0  0.031578947368421054
1.0  0.76000000000000001  0.029473684210526315
