2  1.0  0.052631578947368418
3  1.0  0.0
4  1.0  0.0
5  1.0  0.0
6  1.0  0.0
7  1.0  0.094736842105263161
8  1.0  0.021052631578947368
9  1.0  0.0
10  1.0  0.0
11  1.0  0.0
2  1.0  0.0
3  1.0  0.0
4  1.0  0.0
5  1.0  0.073684210526315783
6  1.0  0.0
7  1.0  0.0
8  1.0  0.0
9  1.0  0.0
10  1.0  0.0
11  1.0  0.0
2  1.0  0.031578947368421054
3  1.0  0.0
4  1.0  0.28421052631578947
5  1.0  0.0
6  0.80000000000000004  0.0
7  1.0  0.0
8  1.0  0.010526315789473684
9  1.0  0.0
10  1.0  0.0
11  0.80000000000000004  0.084210526315789472
2  1.0  0.0
3  1.0  0.0
4  1.0  0.0
5  1.0  0.0
6  1.0  0.0
7  1.0  0.0
8  1.0  0.0
9  1.0  0.0
10  1.0  0.0
11  1.0  0.0
2  1.0  0.54736842105263162
3  1.0  0.16842105263157894
4  1.0  0.0
5  1.0  0.10526315789473684
6  1.0  0.0
7  1.0  0.0
8  1.0  0.0
9  1.0  0.0
10  1.0  0.0
11  1.0  0.0
2  0.80000000000000004  0.042105263157894736
3  1.0  0.27368421052631581
4  1.0  0.0
5  1.0  0.0
6  1.0  0.0
7  1.0  0.0
8  1.0  0.0
9  1.0  0.0
10  1.0  0.0
11  1.0  0.0
2  1.0  0.0
3  1.0  0.24210526315789474
4  1.0  0.55789473684210522
5  1.0  0.010526315789473684
6  1.0  0.0
7  1.0  0.0
8  1.0  0.0
9  1.0  0.0
10  1.0  0.0
11  1.0  0.0
2  1.0  0.4631578947368421
3  0.80000000000000004  0.0
4  1.0  0.0
5  1.0  0.021052631578947368
6  1.0  0.0
7  1.0  0.0
8  1.0  0.0
9  1.0  0.0
10  1.0  0.0
11  1.0  0.0
2  1.0  0.031578947368421054
3  1.0  0.0
4  1.0  0.0
5  1.0  0.0
6  1.0  0.0
7  1.0  0.0
8  1.0  0.0
9  0.80000000000000004  0.0
10  0.80000000000000004  0.0
11  1.0  0.0
2  1.0  0.63157894736842102
3  1.0  0.021052631578947368
4  1.0  0.0
5  1.0  0.0
6  1.0  0.0
7  1.0  0.0
8  1.0  0.0
9  1.0  0.0
10  1.0  0.0
11  1.0  0.0
2  1.0  0.3473684210526316
3  1.0  0.0
4  1.0  0.0
5  1.0  0.0
6  0.80000000000000004  0.0
7  1.0  0.0
8  1.0  0.0
9  1.0  0.0
10  1.0  0.0
11  1.0  0.0
2  1.0  0.0
3  1.0  0.0
4  1.0  0.0
5  1.0  0.0
6  1.0  0.0
7  1.0  0.0
8  1.0  0.0
9  1.0  0.0
10  1.0  0.0
11  1.0  0.0
2  1.0  0.65263157894736845
3  0.80000000000000004  0.14736842105263157
4  1.0  0.0
5  1.0  0.0
6  1.0  0.0
7  0.80000000000000004  0.15789473684210525
8  1.0  0.0
9  0.80000000000000004  0.0
10  1.0  0.0
11  1.0  0.0
2  0.80000000000000004  0.031578947368421054
3  1.0  0.0
4  1.0  0.0
5  1.0  0.0
6  1.0  0.47368421052631576
7  1.0  0.0
8  1.0  0.0
9  0.80000000000000004  0.010526315789473684
10  1.0  0.0
11  1.0  0.0
2  1.0  0.12631578947368421
3  1.0  0.0
4  1.0  0.0
5  0.80000000000000004  0.0
6  1.0  0.0
7  1.0  0.0
8  1.0  0.0
9  1.0  0.0
10  1.0  0.0
11  1.0  0.0
2  1.0  0.0
3  1.0  0.10526315789473684
4  1.0  0.021052631578947368
5  1.0  0.21052631578947367
6  1.0  0.0
7  1.0  0.0
8  1.0  0.0
9  1.0  0.0
10  1.0  0.0
11  1.0  0.0
2  1.0  0.094736842105263161
3  1.0  0.0
4  1.0  0.0
5  1.0  0.0
6  1.0  0.0
7  1.0  0.0
8  1.0  0.0
9  1.0  0.0
10  1.0  0.0
11  1.0  0.0
2  1.0  0.0
3  1.0  0.0
4  1.0  0.010526315789473684
5  1.0  0.010526315789473684
6  1.0  0.0
7  1.0  0.0
8  1.0  0.021052631578947368
9  0.80000000000000004  0.0
10  1.0  0.0
11  1.0  0.0
2  1.0  0.21052631578947367
3  1.0  0.0
4  1.0  0.0
5  1.0  0.0
6  1.0  0.0
7  1.0  0.0
8  1.0  0.0
9  1.0  0.0
10  1.0  0.0
11  1.0  0.0
2  1.0  0.64210526315789473
3  1.0  0.26315789473684209
4  1.0  0.0
5  1.0  0.0
6  1.0  0.073684210526315783
7  1.0  0.0
8  1.0  0.0
9  1.0  0.0
10  1.0  0.0
11  1.0  0.0
2  1.0  0.021052631578947368
3  1.0  0.042105263157894736
4  1.0  0.0
5  1.0  0.0
6  1.0  0.0
7  1.0  0.0
8  1.0  0.0
9  1.0  0.0
10  1.0  0.0
11  0.80000000000000004  0.073684210526315783
2  1.0  0.0
3  1.0  0.20000000000000001
4  1.0  0.0
5  1.0  0.031578947368421054
6  1.0  0.0
7  0.80000000000000004  0.0
8  1.0  0.0
9  1.0  0.0
10  1.0  0.0
11  1.0  0.0
2  1.0  0.0
3  1.0  0.0
4  1.0  0.0
5  1.0  0.0
6  1.0  0.0
7  1.0  0.0
8  0.59999999999999998  0.0
9  1.0  0.0
10  1.0  0.0
11  1.0  0.0
2  1.0  0.0
3  1.0  0.74736842105263157
4  1.0  0.0
5  1.0  0.0
6  1.0  0.0
7  1.0  0.3473684210526316
8  1.0  0.0
9  1.0  0.0
10  1.0  0.0
11  1.0  0.010526315789473684
2  1.0  0.0
3  1.0  0.0
4  0.80000000000000004  0.0
5  1.0  0.0
6  1.0  0.0
7  1.0  0.0
8  1.0  0.0
9  1.0  0.0
10  1.0  0.0
11  0.80000000000000004  0.0
2  1.0  0.0
3  1.0  0.0
4  1.0  0.0
5  1.0  0.0
6  1.0  0.0
7  1.0  0.0
8  1.0  0.0
9  1.0  0.0
10  1.0  0.0
11  1.0  0.0
2  1.0  0.12631578947368421
3  1.0  0.042105263157894736
4  1.0  0.021052631578947368
5  1.0  0.0
6  1.0  0.0
7  1.0  0.010526315789473684
8  1.0  0.0
9  1.0  0.031578947368421054
10  0.80000000000000004  0.0
11  1.0  0.0
2  1.0  0.0
3  1.0  0.0
4  1.0  0.0
5  1.0  0.0
6  1.0  0.0
7  0.80000000000000004  0.0
8  1.0  0.0
9  1.0  0.0
10  1.0  0.0
11  1.0  0.0
2  1.0  0.15789473684210525
3  1.0  0.22105263157894736
4  0.80000000000000004  0.052631578947368418
5  1.0  0.0
6  1.0  0.0
7  1.0  0.0
8  0.80000000000000004  0.42105263157894735
9  1.0  0.0
10  1.0  0.0
11  1.0  0.0
2  1.0  0.0
3  1.0  0.0
4  1.0  0.16842105263157894
5  1.0  0.010526315789473684
6  1.0  0.0
7  1.0  0.0
8  1.0  0.0
9  1.0  0.0
10  1.0  0.0
11  0.80000000000000004  0.0
2  1.0  0.30526315789473685
3  1.0  0.0
4  1.0  0.0
5  1.0  0.0
6  1.0  0.0
7  1.0  0.0
8  1.0  0.30526315789473685
9  1.0  0.0
10  1.0  0.0
11  1.0  0.0
2  1.0  0.0
3  1.0  0.0
4  1.0  0.0
5  1.0  0.0
6  0.80000000000000004  0.0
7  1.0  0.0
8  1.0  0.0
9  1.0  0.0
10  1.0  0.0
11  1.0  0.0
2  1.0  0.031578947368421054
3  0.80000000000000004  0.0
4  1.0  0.15789473684210525
5  1.0  0.0
6  0.80000000000000004  0.0
7  1.0  0.0
8  0.80000000000000004  0.0
9  1.0  0.0
10  1.0  0.0
11  0.80000000000000004  0.0
2  1.0  0.0
3  1.0  0.57894736842105265
4  1.0  0.0
5  0.80000000000000004  0.0
6  1.0  0.0
7  0.80000000000000004  0.0
8  1.0  0.0
9  1.0  0.0
10  1.0  0.0
11  1.0  0.0
2  1.0  0.042105263157894736
3  1.0  0.0
4  1.0  0.33684210526315789
5  1.0  0.0
6  1.0  0.0
7  0.80000000000000004  0.0
8  1.0  0.0
9  1.0  0.0
10  0.80000000000000004  0.0
11  1.0  0.0
2  1.0  0.66315789473684206
3  0.80000000000000004  0.0
4  1.0  0.0
5  0.80000000000000004  0.42105263157894735
6  1.0  0.0
7  0.80000000000000004  0.0
8  1.0  0.0
9  1.0  0.0
10  1.0  0.0
11  1.0  0.010526315789473684
2  1.0  0.0
3  1.0  0.37894736842105264
4  1.0  0.18947368421052632
5  0.80000000000000004  0.0
6  1.0  0.12631578947368421
7  1.0  0.0
8  1.0  0.0
9  1.0  0.0
10  1.0  0.0
11  1.0  0.0
2  1.0  0.0
3  1.0  0.0
4  1.0  0.0
5  1.0  0.0
6  1.0  0.0
7  1.0  0.0
8  0.59999999999999998  0.0
9  1.0  0.0
10  1.0  0.0
11  1.0  0.0
2  1.0  0.010526315789473684
3  1.0  0.26315789473684209
4  1.0  0.47368421052631576
5  1.0  0.0
6  1.0  0.0
7  1.0  0.14736842105263157
8  0.80000000000000004  0.0
9  1.0  0.0
10  1.0  0.0
11  1.0  0.0
2  0.80000000000000004  0.22105263157894736
3  1.0  0.0
4  1.0  0.0
5  1.0  0.0
6  1.0  0.0
7  1.0  0.0
8  1.0  0.0
9  0.80000000000000004  0.0
10  1.0  0.0
11  0.80000000000000004  0.0
2  1.0  0.12631578947368421
3  1.0  0.0
4  1.0  0.0
5  1.0  0.0
6  1.0  0.0
7  0.80000000000000004  0.0
8  1.0  0.0
9  0.80000000000000004  0.0
10  1.0  0.0
11  1.0  0.0
2  0.80000000000000004  0.27368421052631581
3  0.80000000000000004  0.0
4  1.0  0.0
5  1.0  0.0
6  1.0  0.0
7  1.0  0.010526315789473684
8  1.0  0.021052631578947368
9  0.80000000000000004  0.0
10  1.0  0.0
11  1.0  0.0
2  1.0  0.0
3  1.0  0.042105263157894736
4  1.0  0.0
5  1.0  0.094736842105263161
6  1.0  0.0
7  1.0  0.0
8  1.0  0.0
9  1.0  0.0
10  1.0  0.0
11  1.0  0.0
2  1.0  0.073684210526315783
3  1.0  0.042105263157894736
4  1.0  0.0
5  1.0  0.0
6  1.0  0.0
7  1.0  0.0
8  1.0  0.0
9  1.0  0.0
10  1.0  0.0
11  1.0  0.0
2  1.0  0.74736842105263157
3  0.80000000000000004  0.0
4  1.0  0.0
5  1.0  0.0
6  1.0  0.0
7  1.0  0.0
8  1.0  0.0
9  1.0  0.0
10  1.0  0.0
11  1.0  0.0
2  1.0  0.031578947368421054
3  1.0  0.031578947368421054
4  1.0  0.0
5  1.0  0.0
6  1.0  0.052631578947368418
7  1.0  0.0
8  0.80000000000000004  0.063157894736842107
9  1.0  0.0
10  1.0  0.0
11  1.0  0.0
2  1.0  0.042105263157894736
3  1.0  0.0
4  1.0  0.0
5  1.0  0.0
6  1.0  0.0
7  1.0  0.0
8  1.0  0.0
9  1.0  0.010526315789473684
10  0.80000000000000004  0.0
11  0.80000000000000004  0.0
2  1.0  0.0
3  1.0  0.0
4  1.0  0.0
5  0.80000000000000004  0.0
6  1.0  0.0
7  1.0  0.0
8  1.0  0.0
9  1.0  0.0
10  1.0  0.0
11  1.0  0.0
2  1.0  0.47368421052631576
3  0.80000000000000004  0.0
4  1.0  0.0
5  1.0  0.0
6  1.0  0.0
7  0.59999999999999998  0.0
8  1.0  0.0
9  1.0  0.0
10  1.0  0.0
11  1.0  0.0
2  0.80000000000000004  0.0
3  1.0  0.010526315789473684
4  1.0  0.0
5  1.0  0.0
6  1.0  0.0
7  1.0  0.0
8  1.0  0.0
9  1.0  0.0
10  1.0  0.0
11  1.0  0.0
2  1.0  0.010526315789473684
3  1.0  0.0
4  0.80000000000000004  0.010526315789473684
5  1.0  0.0
6  0.80000000000000004  0.0
7  1.0  0.0
8  1.0  0.0
9  1.0  0.0
10  1.0  0.0
11  1.0  0.0
2  1.0  0.0
3  1.0  0.0
4  1.0  0.0
5  1.0  0.0
6  1.0  0.0
7  1.0  0.0
8  1.0  0.0
9  1.0  0.010526315789473684
10  1.0  0.0
11  1.0  0.0
2  1.0  0.0
3  1.0  0.0
4  1.0  0.14736842105263157
5  1.0  0.063157894736842107
6  1.0  0.0
7  1.0  0.0
8  1.0  0.0
9  1.0  0.0
10  1.0  0.0
11  1.0  0.0
2  1.0  0.021052631578947368
3  1.0  0.031578947368421054
4  1.0  0.0
5  1.0  0.0
6  1.0  0.0
7  1.0  0.12631578947368421
8  1.0  0.0
9  1.0  0.0
10  1.0  0.0
11  1.0  0.0
2  1.0  0.0
3  0.59999999999999998  0.0
4  1.0  0.0
5  1.0  0.0
6  1.0  0.0
7  1.0  0.0
8  1.0  0.0
9  1.0  0.0
10  1.0  0.0
11  1.0  0.0
2  1.0  0.0
3  1.0  0.65263157894736845
4  1.0  0.0
5  1.0  0.021052631578947368
6  1.0  0.0
7  0.80000000000000004  0.0
8  0.80000000000000004  0.1368421052631579
9  1.0  0.0
10  1.0  0.0
11  1.0  0.052631578947368418
2  0.80000000000000004  0.0
3  1.0  0.0
4  1.0  0.0
5  1.0  0.0
6  1.0  0.0
7  1.0  0.0
8  1.0  0.0
9  1.0  0.0
10  0.80000000000000004  0.0
11  1.0  0.0
2  0.80000000000000004  0.0
3  1.0  0.0
4  1.0  0.031578947368421054
5  1.0  0.021052631578947368
6  0.80000000000000004  0.0
7  1.0  0.0
8  1.0  0.0
9  1.0  0.0
10  1.0  0.0
11  1.0  0.0
2  1.0  0.0
3  0.80000000000000004  0.042105263157894736
4  0.80000000000000004  0.0
5  1.0  0.0
6  0.80000000000000004  0.010526315789473684
7  1.0  0.0
8  1.0  0.0
9  1.0  0.0
10  1.0  0.0
11  1.0  0.0
2  1.0  0.12631578947368421
3  1.0  0.14736842105263157
4  1.0  0.0
5  1.0  0.41052631578947368
6  1.0  0.0
7  1.0  0.0
8  1.0  0.0
9  1.0  0.0
10  0.80000000000000004  0.0
11  1.0  0.0
2  1.0  0.3473684210526316
3  1.0  0.0
4  1.0  0.0
5  1.0  0.0
6  1.0  0.0
7  1.0  0.0
8  1.0  0.0
9  1.0  0.0
10  1.0  0.0
11  1.0  0.0
2  1.0  0.45263157894736844
3  0.59999999999999998  0.28421052631578947
4  1.0  0.0
5  1.0  0.0
6  1.0  0.010526315789473684
7  1.0  0.0
8  0.80000000000000004  0.0
9  1.0  0.0
10  1.0  0.0
11  1.0  0.0
2  1.0  0.50526315789473686
3  1.0  0.0
4  1.0  0.10526315789473684
5  1.0  0.0
6  1.0  0.052631578947368418
7  1.0  0.0
8  1.0  0.0
9  1.0  0.0
10  1.0  0.0
11  1.0  0.0
2  1.0  0.42105263157894735
3  1.0  0.0
4  1.0  0.021052631578947368
5  1.0  0.0
6  1.0  0.0
7  1.0  0.0
8  1.0  0.0
9  1.0  0.0
10  1.0  0.0
11  0.80000000000000004  0.0
2  1.0  0.021052631578947368
3  1.0  0.0
4  1.0  0.0
5  0.80000000000000004  0.0
6  1.0  0.0
7  1.0  0.0
8  1.0  0.0
9  1.0  0.0
10  1.0  0.0
11  1.0  0.0
2  1.0  0.22105263157894736
3  1.0  0.042105263157894736
4  1.0  0.0
5  1.0  0.042105263157894736
6  1.0  0.0
7  1.0  0.0
8  0.80000000000000004  0.0
9  1.0  0.0
10  1.0  0.0
11  1.0  0.0
2  1.0  0.0
3  1.0  0.0
4  0.80000000000000004  0.0
5  1.0  0.0
6  1.0  0.29473684210526313
7  1.0  0.0
8  1.0  0.0
9  0.80000000000000004  0.0
10  1.0  0.021052631578947368
11  1.0  0.0
2  1.0  0.0
3  1.0  0.32631578947368423
4  1.0  0.0
5  1.0  0.0
6  1.0  0.47368421052631576
7  1.0  0.0
8  1.0  0.0
9  1.0  0.0
10  1.0  0.0
11  1.0  0.0
2  1.0  0.59999999999999998
3  0.80000000000000004  0.0
4  1.0  0.0
5  0.59999999999999998  0.0
6  1.0  0.010526315789473684
7  0.80000000000000004  0.0
8  1.0  0.031578947368421054
9  1.0  0.0
10  0.80000000000000004  0.0
11  1.0  0.0
2  0.80000000000000004  0.58947368421052626
3  0.80000000000000004  0.042105263157894736
4  1.0  0.31578947368421051
5  1.0  0.0
6  1.0  0.0
7  1.0  0.010526315789473684
8  1.0  0.0
9  1.0  0.0
10  1.0  0.0
11  0.80000000000000004  0.0
2  1.0  0.0
3  1.0  0.063157894736842107
4  1.0  0.021052631578947368
5  1.0  0.0
6  1.0  0.0
7  1.0  0.0
8  1.0  0.0
9  1.0  0.0
10  1.0  0.0
11  1.0  0.0
2  1.0  0.0
3  1.0  0.0
4  0.80000000000000004  0.0
5  1.0  0.12631578947368421
6  1.0  0.0
7  1.0  0.0
8  1.0  0.0
9  1.0  0.0
10  1.0  0.0
11  1.0  0.0
2  1.0  0.010526315789473684
3  1.0  0.12631578947368421
4  1.0  0.40000000000000002
5  1.0  0.0
6  1.0  0.0
7  1.0  0.0
8  1.0  0.0
9  0.80000000000000004  0.0
10  1.0  0.0
11  1.0  0.0
2  0.59999999999999998  0.010526315789473684
3  1.0  0.0
4  1.0  0.16842105263157894
5  1.0  0.021052631578947368
6  1.0  0.0
7  1.0  0.0
8  1.0  0.0
9  1.0  0.021052631578947368
10  1.0  0.0
11  1.0  0.0
2  1.0  0.48421052631578948
3  1.0  0.0
4  1.0  0.69473684210526321
5  1.0  0.0
6  1.0  0.0
7  1.0  0.0
8  1.0  0.0
9  1.0  0.0
10  1.0  0.0
11  0.80000000000000004  0.010526315789473684
2  1.0  0.0
3  1.0  0.0
4  1.0  0.18947368421052632
5  1.0  0.021052631578947368
6  1.0  0.0
7  1.0  0.021052631578947368
8  1.0  0.0
9  1.0  0.0
10  1.0  0.0
11  1.0  0.0
2  1.0  0.47368421052631576
3  0.80000000000000004  0.11578947368421053
4  1.0  0.0
5  1.0  0.010526315789473684
6  1.0  0.0
7  1.0  0.0
8  1.0  0.0
9  1.0  0.0
10  1.0  0.0
11  1.0  0.0
2  1.0  0.31578947368421051
3  1.0  0.65263157894736845
4  1.0  0.0
5  1.0  0.0
6  1.0  0.16842105263157894
7  1.0  0.0
8  1.0  0.0
9  1.0  0.0
10  1.0  0.0
11  1.0  0.0
2  1.0  0.0
3  1.0  0.0
4  1.0  0.0
5  1.0  0.0
6  1.0  0.0
7  1.0  0.0
8  1.0  0.0
9  1.0  0.0
10  1.0  0.0
11  1.0  0.0
2  1.0  0.54736842105263162
3  1.0  0.0
4  0.80000000000000004  0.0
5  1.0  0.0
6  1.0  0.0
7  1.0  0.0
8  1.0  0.0
9  1.0  0.0
10  1.0  0.0
11  0.80000000000000004  0.0
2  1.0  0.0
3  1.0  0.0
4  1.0  0.0
5  1.0  0.0
6  1.0  0.0
7  1.0  0.0
8  0.80000000000000004  0.0
9  1.0  0.0
10  1.0  0.0
11  1.0  0.0
2  1.0  0.0
3  1.0  0.052631578947368418
4  1.0  0.0
5  0.80000000000000004  0.16842105263157894
6  1.0  0.0
7  1.0  0.0
8  1.0  0.1368421052631579
9  1.0  0.0
10  0.59999999999999998  0.0
11  0.80000000000000004  0.0
2  1.0  0.073684210526315783
3  1.0  0.0
4  1.0  0.22105263157894736
5  1.0  0.0
6  1.0  0.0
7  1.0  0.0
8  1.0  0.0
9  1.0  0.0
10  1.0  0.0
11  1.0  0.0
2  1.0  0.021052631578947368
3  1.0  0.0
4  1.0  0.0
5  1.0  0.0
6  0.80000000000000004  0.14736842105263157
7  1.0  0.0
8  1.0  0.0
9  1.0  0.0
10  0.80000000000000004  0.0
11  1.0  0.0
2  1.0  0.0
3  1.0  0.0
4  1.0  0.021052631578947368
5  1.0  0.0
6  0.80000000000000004  0.0
7  1.0  0.0
8  0.80000000000000004  0.0
9  1.0  0.0
10  1.0  0.0
11  1.0  0.0
2  1.0  0.40000000000000002
3  1.0  0.0
4  1.0  0.0
5  1.0  0.20000000000000001
6  1.0  0.0
7  1.0  0.0
8  1.0  0.010526315789473684
9  1.0  0.0
10  1.0  0.0
11  1.0  0.063157894736842107
2  1.0  0.031578947368421054
3  1.0  0.14736842105263157
4  1.0  0.0
5  1.0  0.0
6  1.0  0.052631578947368418
7  1.0  0.0
8  1.0  0.0
9  0.59999999999999998  0.0
10  1.0  0.0
11  1.0  0.0
2  0.80000000000000004  0.0
3  1.0  0.0
4  1.0  0.3473684210526316
5  1.0  0.0
6  1.0  0.0
7  0.80000000000000004  0.15789473684210525
8  1.0  0.0
9  1.0  0.0
10  1.0  0.0
11  1.0  0.0
2  0.80000000000000004  0.0
3  1.0  0.0
4  1.0  0.0
5  1.0  0.0
6  1.0  0.0
7  1.0  0.0
8  1.0  0.0
9  1.0  0.0
10  1.0  0.0
11  1.0  0.0
2  1.0  0.0
3  1.0  0.0
4  1.0  0.0
5  0.80000000000000004  0.0
6  1.0  0.0
7  1.0  0.0
8  1.0  0.0
9  1.0  0.0
10  1.0  0.0
11  1.0  0.0
2  1.0  0.0
3  1.0  0.0
4  1.0  0.0
5  1.0  0.0
6  1.0  0.0
7  1.0  0.0
8  1.0  0.0
9  1.0  0.0
10  1.0  0.0
11  1.0  0.0
2  1.0  0.031578947368421054
3  1.0  0.0
4  1.0  0.0
5  0.80000000000000004  0.0
6  0.80000000000000004  0.021052631578947368
7  1.0  0.18947368421052632
8  1.0  0.0
9  1.0  0.0
10  1.0  0.0
11  1.0  0.0
2  0.80000000000000004  0.62105263157894741
3  1.0  0.063157894736842107
4  1.0  0.0
5  1.0  0.0
6  1.0  0.0
7  1.0  0.0
8  1.0  0.0
9  1.0  0.0
10  1.0  0.0
11  1.0  0.0
2  1.0  0.0
3  1.0  0.0
4  1.0  0.031578947368421054
5  0.80000000000000004  0.0
6  1.0  0.0
7  1.0  0.0
8  0.80000000000000004  0.0
9  1.0  0.0
10  0.80000000000000004  0.0
11  1.0  0.0
2  1.0  0.48421052631578948
3  1.0  0.0
4  1.0  0.0
5  1.0  0.16842105263157894
6  1.0  0.0
7  1.0  0.0
8  0.80000000000000004  0.0
9  1.0  0.0
10  1.0  0.021052631578947368
11  0.80000000000000004  0.0
2  1.0  0.0
3  1.0  0.0
4  1.0  0.0
5  1.0  0.0
6  1.0  0.0
7  1.0  0.0
8  1.0  0.0
9  1.0  0.0
10  1.0  0.0
11  1.0  0.0
2  1.0  0.21052631578947367
3  1.0  0.0
4  1.0  0.0
5  1.0  0.0
6  1.0  0.0
7  1.0  0.0
8  1.0  0.0
9  1.0  0.0
10  0.80000000000000004  0.094736842105263161
11  1.0  0.0
2  1.0  0.0
3  1.0  0.010526315789473684
4  1.0  0.0
5  0.80000000000000004  0.0
6  1.0  0.0
7  1.0  0.0
8  1.0  0.0
9  1.0  0.0
10  1.0  0.0
11  1.0  0.0
2  1.0  0.0
3  1.0  0.0
4  1.0  0.0
5  1.0  0.0
6  1.0  0.0
7  1.0  0.0
8  1.0  0.24210526315789474
9  1.0  0.0
10  1.0  0.0
11  1.0  0.0
2  1.0  0.4631578947368421
3  1.0  0.36842105263157893
4  1.0  0.18947368421052632
5  1.0  0.0
6  1.0  0.0
7  1.0  0.0
8  1.0  0.0
9  1.0  0.0
10  1.0  0.0
11  1.0  0.0
