0.2  1.0  0.01368421052631579
0.4  1.0  0.068421052631578952
0.6  1.0  0.098947368421052631
0.8  1.0  0.14000000000000001
1.0  1.0  0.17157894736842105
0.2  1.0  0.010526315789473684
0.4  1.0  0.043157894736842103
0.6  1.0  0.10105263157894737
0.8  1.0  0.12842105263157894
1.0  1.0  0.17578947368421052
0.2  1.0  0.014736842105263158
0.4  1.0  0.056842105263157895
0.6  1.0  0.088421052631578942
0.8  1.0  0.13052631578947368
1.0  0.93999999999999995  0.1694736842105263
0.2  1.0  0.015789473684210527
0.4  1.0  0.05473684210526316
0.6  0.95999999999999996  0.11157894736842106
0.8  1.0  0.13263157894736843
1.0  0.95999999999999996  0.16
0.2  1.0  0.01368421052631579
0.4  0.97999999999999998  0.043157894736842103
0.6  1.0  0.10000000000000001
0.8  1.0  0.12421052631578948
1.0  1.0  0.14526315789473684
0.2  0.95999999999999996  0.01368421052631579
0.4  1.0  0.05473684210526316
0.6  1.0  0.083157894736842111
0.8  1.0  0.12526315789473685
1.0  1.0  0.16526315789473683
0.2  0.68000000000000005  0.010526315789473684
0.4  1.0  0.05894736842105263
0.6  1.0  0.10736842105263159
0.8  0.47999999999999998  0.15684210526315789
1.0  1.0  0.16
0.2  1.0  0.017894736842105262
0.4  0.59999999999999998  0.06210526315789474
0.6  0.83999999999999997  0.10526315789473684
0.8  1.0  0.13894736842105262
1.0  0.81999999999999995  0.17157894736842105
0.2  1.0  0.0094736842105263164
0.4  1.0  0.04736842105263158
0.6  1.0  0.13052631578947368
0.8  1.0  0.15578947368421053
1.0  1.0  0.15894736842105264
0.2  1.0  0.010526315789473684
0.4  0.56000000000000005  0.049473684210526316
0.6  0.92000000000000004  0.097894736842105257
0.8  0.90000000000000002  0.12842105263157894
1.0  1.0  0.14736842105263157
0.2  1.0  0.011578947368421053
0.4  1.0  0.050526315789473683
0.6  1.0  0.10000000000000001
0.8  1.0  0.13157894736842105
1.0  1.0  0.19052631578947368
0.2  1.0  0.0084210526315789472
0.4  1.0  0.052631578947368418
0.6  1.0  0.080000000000000002
0.8  0.90000000000000002  0.13473684210526315
1.0  1.0  0.16736842105263158
0.2  1.0  0.0094736842105263164
0.4  1.0  0.05894736842105263
0.6  0.97999999999999998  0.088421052631578942
0.8  1.0  0.1431578947368421
1.0  1.0  0.16842105263157894
0.2  0.85999999999999999  0.01368421052631579
0.4  1.0  0.06210526315789474
0.6  1.0  0.10000000000000001
0.8  1.0  0.13157894736842105
1.0  0.95999999999999996  0.16
0.2  1.0  0.0042105263157894736
0.4  1.0  0.040000000000000001
0.6  1.0  0.12
0.8  1.0  0.14421052631578948
1.0  1.0  0.16315789473684211
0.2  1.0  0.015789473684210527
0.4  1.0  0.069473684210526312
0.6  1.0  0.10421052631578948
0.8  1.0  0.13894736842105262
1.0  0.68000000000000005  0.15157894736842106
0.2  1.0  0.014736842105263158
0.4  1.0  0.051578947368421051
0.6  1.0  0.091578947368421051
0.8  0.62  0.15473684210526314
1.0  1.0  0.15263157894736842
0.2  1.0  0.0084210526315789472
0.4  1.0  0.053684210526315793
0.6  1.0  0.096842105263157896
0.8  1.0  0.12631578947368421
1.0  0.85999999999999999  0.13894736842105262
0.2  1.0  0.012631578947368421
0.4  1.0  0.05473684210526316
0.6  1.0  0.11263157894736842
0.8  0.83999999999999997  0.11368421052631579
1.0  1.0  0.16315789473684211
0.2  1.0  0.017894736842105262
0.4  1.0  0.051578947368421051
0.6  1.0  0.11157894736842106
0.8  0.81999999999999995  0.12842105263157894
1.0  1.0  0.14947368421052631
0.2  1.0  0.0063157894736842104
0.4  0.69999999999999996  0.069473684210526312
0.6  1.0  0.12421052631578948
0.8  1.0  0.1368421052631579
1.0  1.0  0.15263157894736842
0.2  1.0  0.01368421052631579
0.4  1.0  0.055789473684210528
0.6  1.0  0.10210526315789474
0.8  1.0  0.15157894736842106
1.0  1.0  0.15263157894736842
0.2  1.0  0.015789473684210527
0.4  0.97999999999999998  0.059999999999999998
0.6  1.0  0.095789473684210522
0.8  0.83999999999999997  0.12526315789473685
1.0  1.0  0.16526315789473683
0.2  1.0  0.015789473684210527
0.4  1.0  0.051578947368421051
0.6  0.92000000000000004  0.086315789473684207
0.8  1.0  0.14526315789473684
1.0  1.0  0.18105263157894738
0.2  1.0  0.014736842105263158
0.4  1.0  0.048421052631578948
0.6  1.0  0.096842105263157896
0.8  1.0  0.13368421052631579
1.0  1.0  0.16421052631578947
0.2  1.0  0.010526315789473684
0.4  1.0  0.061052631578947365
0.6  1.0  0.095789473684210522
0.8  0.78000000000000003  0.13894736842105262
1.0  1.0  0.16210526315789472
0.2  1.0  0.0094736842105263164
0.4  1.0  0.055789473684210528
0.6  0.93999999999999995  0.10736842105263159
0.8  1.0  0.11894736842105263
1.0  0.71999999999999997  0.12526315789473685
0.2  1.0  0.014736842105263158
0.4  1.0  0.056842105263157895
0.6  1.0  0.10421052631578948
0.8  1.0  0.1368421052631579
1.0  1.0  0.15684210526315789
0.2  1.0  0.010526315789473684
0.4  1.0  0.065263157894736842
0.6  1.0  0.092631578947368426
0.8  1.0  0.15578947368421053
1.0  1.0  0.1431578947368421
0.2  1.0  0.010526315789473684
0.4  1.0  0.059999999999999998
0.6  1.0  0.10105263157894737
0.8  1.0  0.11789473684210526
1.0  1.0  0.17157894736842105
0.2  1.0  0.01368421052631579
0.4  1.0  0.057894736842105263
0.6  0.62  0.090526315789473691
0.8  1.0  0.11578947368421053
1.0  1.0  0.17999999999999999
0.2  1.0  0.011578947368421053
0.4  1.0  0.056842105263157895
0.6  1.0  0.093684210526315786
0.8  1.0  0.12421052631578948
1.0  1.0  0.16315789473684211
0.2  1.0  0.012631578947368421
0.4  1.0  0.053684210526315793
0.6  1.0  0.081052631578947362
0.8  1.0  0.1463157894736842
1.0  1.0  0.1694736842105263
0.2  1.0  0.01368421052631579
0.4  0.92000000000000004  0.048421052631578948
0.6  1.0  0.082105263157894737
0.8  0.90000000000000002  0.11894736842105263
1.0  1.0  0.17473684210526316
0.2  1.0  0.018947368421052633
0.4  1.0  0.045263157894736845
0.6  0.92000000000000004  0.095789473684210522
0.8  0.95999999999999996  0.14105263157894737
1.0  1.0  0.15263157894736842
0.2  1.0  0.014736842105263158
0.4  0.85999999999999999  0.042105263157894736
0.6  1.0  0.093684210526315786
0.8  0.32000000000000001  0.11157894736842106
1.0  1.0  0.16105263157894736
0.2  1.0  0.011578947368421053
0.4  1.0  0.053684210526315793
0.6  0.92000000000000004  0.090526315789473691
0.8  1.0  0.13578947368421052
1.0  1.0  0.16
0.2  1.0  0.0094736842105263164
0.4  1.0  0.066315789473684217
0.6  1.0  0.097894736842105257
0.8  1.0  0.13263157894736843
1.0  0.88  0.16526315789473683
0.2  1.0  0.017894736842105262
0.4  1.0  0.063157894736842107
0.6  0.97999999999999998  0.087368421052631581
0.8  1.0  0.12947368421052632
1.0  1.0  0.15789473684210525
0.2  1.0  0.01368421052631579
0.4  1.0  0.05473684210526316
0.6  1.0  0.10736842105263159
0.8  1.0  0.12631578947368421
1.0  1.0  0.15473684210526314
0.2  1.0  0.0084210526315789472
0.4  1.0  0.055789473684210528
0.6  0.90000000000000002  0.092631578947368426
0.8  1.0  0.14421052631578948
1.0  1.0  0.14210526315789473
0.2  1.0  0.021052631578947368
0.4  1.0  0.05894736842105263
0.6  1.0  0.091578947368421051
0.8  1.0  0.13368421052631579
1.0  0.80000000000000004  0.12842105263157894
0.2  1.0  0.012631578947368421
0.4  1.0  0.053684210526315793
0.6  0.97999999999999998  0.091578947368421051
0.8  1.0  0.13894736842105262
1.0  1.0  0.14736842105263157
0.2  1.0  0.011578947368421053
0.4  1.0  0.05473684210526316
0.6  1.0  0.1031578947368421
0.8  0.97999999999999998  0.12947368421052632
1.0  0.81999999999999995  0.15789473684210525
0.2  0.97999999999999998  0.011578947368421053
0.4  1.0  0.075789473684210532
0.6  1.0  0.081052631578947362
0.8  0.97999999999999998  0.12421052631578948
1.0  0.95999999999999996  0.16315789473684211
0.2  1.0  0.015789473684210527
0.4  1.0  0.052631578947368418
0.6  0.88  0.11473684210526315
0.8  0.92000000000000004  0.12947368421052632
1.0  1.0  0.15684210526315789
0.2  1.0  0.0073684210526315788
0.4  0.92000000000000004  0.064210526315789468
0.6  0.97999999999999998  0.10421052631578948
0.8  1.0  0.1368421052631579
1.0  1.0  0.13368421052631579
0.2  1.0  0.01368421052631579
0.4  1.0  0.050526315789473683
0.6  1.0  0.095789473684210522
0.8  1.0  0.14000000000000001
1.0  1.0  0.15052631578947367
0.2  1.0  0.014736842105263158
0.4  1.0  0.059999999999999998
0.6  1.0  0.10421052631578948
0.8  1.0  0.14210526315789473
1.0  1.0  0.15684210526315789
0.2  1.0  0.016842105263157894
0.4  0.5  0.04736842105263158
0.6  0.80000000000000004  0.096842105263157896
0.8  1.0  0.13052631578947368
1.0  1.0  0.14421052631578948
0.2  0.78000000000000003  0.0094736842105263164
0.4  1.0  0.065263157894736842
0.6  1.0  0.10421052631578948
0.8  0.78000000000000003  0.12421052631578948
1.0  1.0  0.14736842105263157
0.2  1.0  0.01368421052631579
0.4  0.88  0.049473684210526316
0.6  1.0  0.10842105263157895
0.8  1.0  0.14000000000000001
1.0  1.0  0.15473684210526314
0.2  1.0  0.011578947368421053
0.4  0.97999999999999998  0.046315789473684213
0.6  1.0  0.10631578947368421
0.8  0.80000000000000004  0.12210526315789473
1.0  1.0  0.16210526315789472
0.2  0.83999999999999997  0.011578947368421053
0.4  1.0  0.068421052631578952
0.6  1.0  0.11157894736842106
0.8  1.0  0.13368421052631579
1.0  0.71999999999999997  0.12842105263157894
0.2  1.0  0.016842105263157894
0.4  1.0  0.056842105263157895
0.6  1.0  0.091578947368421051
0.8  1.0  0.12947368421052632
1.0  0.80000000000000004  0.16210526315789472
0.2  1.0  0.012631578947368421
0.4  0.93999999999999995  0.061052631578947365
0.6  1.0  0.096842105263157896
0.8  1.0  0.12947368421052632
1.0  1.0  0.15473684210526314
0.2  1.0  0.01368421052631579
0.4  0.92000000000000004  0.053684210526315793
0.6  0.95999999999999996  0.10526315789473684
0.8  1.0  0.14105263157894737
1.0  1.0  0.14105263157894737
0.2  1.0  0.012631578947368421
0.4  1.0  0.053684210526315793
0.6  1.0  0.10947368421052632
0.8  1.0  0.13052631578947368
1.0  0.90000000000000002  0.16842105263157894
0.2  0.83999999999999997  0.015789473684210527
0.4  1.0  0.04736842105263158
0.6  1.0  0.098947368421052631
0.8  1.0  0.12421052631578948
1.0  1.0  0.15578947368421053
0.2  1.0  0.011578947368421053
0.4  0.71999999999999997  0.05894736842105263
0.6  1.0  0.1031578947368421
0.8  1.0  0.12315789473684211
1.0  1.0  0.17157894736842105
0.2  0.97999999999999998  0.0084210526315789472
0.4  1.0  0.04736842105263158
0.6  0.85999999999999999  0.12210526315789473
0.8  0.78000000000000003  0.11263157894736842
1.0  0.64000000000000001  0.14947368421052631
0.2  1.0  0.0094736842105263164
0.4  0.95999999999999996  0.059999999999999998
0.6  1.0  0.11368421052631579
0.8  1.0  0.14210526315789473
1.0  1.0  0.15789473684210525
0.2  1.0  0.011578947368421053
0.4  0.76000000000000001  0.050526315789473683
0.6  1.0  0.11157894736842106
0.8  0.81999999999999995  0.12210526315789473
1.0  0.73999999999999999  0.16842105263157894
0.2  1.0  0.0094736842105263164
0.4  1.0  0.056842105263157895
0.6  1.0  0.089473684210526316
0.8  1.0  0.13578947368421052
1.0  1.0  0.16631578947368422
0.2  1.0  0.012631578947368421
0.4  1.0  0.044210526315789471
0.6  0.85999999999999999  0.10000000000000001
0.8  0.73999999999999999  0.13368421052631579
1.0  1.0  0.13894736842105262
0.2  1.0  0.014736842105263158
0.4  1.0  0.041052631578947368
0.6  1.0  0.090526315789473691
0.8  1.0  0.11473684210526315
1.0  0.92000000000000004  0.15368421052631578
0.2  1.0  0.011578947368421053
0.4  1.0  0.055789473684210528
0.6  1.0  0.10105263157894737
0.8  1.0  0.13263157894736843
1.0  0.85999999999999999  0.15894736842105264
0.2  1.0  0.0084210526315789472
0.4  1.0  0.045263157894736845
0.6  1.0  0.10631578947368421
0.8  0.90000000000000002  0.1431578947368421
1.0  0.83999999999999997  0.15157894736842106
0.2  1.0  0.0094736842105263164
0.4  1.0  0.056842105263157895
0.6  1.0  0.1031578947368421
0.8  1.0  0.12526315789473685
1.0  1.0  0.13789473684210526
0.2  1.0  0.010526315789473684
0.4  1.0  0.052631578947368418
0.6  0.90000000000000002  0.087368421052631581
0.8  1.0  0.13578947368421052
1.0  1.0  0.16315789473684211
0.2  1.0  0.01368421052631579
0.4  1.0  0.052631578947368418
0.6  0.73999999999999999  0.080000000000000002
0.8  1.0  0.12526315789473685
1.0  1.0  0.16105263157894736
0.2  1.0  0.015789473684210527
0.4  1.0  0.059999999999999998
0.6  1.0  0.10526315789473684
0.8  1.0  0.12736842105263158
1.0  1.0  0.14000000000000001
0.2  0.90000000000000002  0.011578947368421053
0.4  1.0  0.065263157894736842
0.6  1.0  0.10842105263157895
0.8  1.0  0.15894736842105264
1.0  0.57999999999999996  0.16631578947368422
0.2  1.0  0.0073684210526315788
0.4  1.0  0.051578947368421051
0.6  1.0  0.10842105263157895
0.8  1.0  0.12421052631578948
1.0  1.0  0.15368421052631578
0.2  1.0  0.0094736842105263164
0.4  1.0  0.055789473684210528
0.6  1.0  0.10210526315789474
0.8  1.0  0.1431578947368421
1.0  1.0  0.14947368421052631
0.2  1.0  0.010526315789473684
0.4  1.0  0.055789473684210528
0.6  0.93999999999999995  0.11263157894736842
0.8  1.0  0.14000000000000001
1.0  1.0  0.1431578947368421
0.2  1.0  0.01368421052631579
0.4  0.88  0.038947368421052633
0.6  1.0  0.097894736842105257
0.8  0.44  0.13052631578947368
1.0  1.0  0.17894736842105263
0.2  1.0  0.012631578947368421
0.4  1.0  0.055789473684210528
0.6  0.83999999999999997  0.11263157894736842
0.8  1.0  0.1031578947368421
1.0  1.0  0.15157894736842106
0.2  1.0  0.018947368421052633
0.4  1.0  0.049473684210526316
0.6  0.97999999999999998  0.11473684210526315
0.8  0.68000000000000005  0.12315789473684211
1.0  0.56000000000000005  0.15578947368421053
0.2  1.0  0.0073684210526315788
0.4  1.0  0.064210526315789468
0.6  1.0  0.11157894736842106
0.8  1.0  0.12210526315789473
1.0  1.0  0.14842105263157895
0.2  1.0  0.01368421052631579
0.4  1.0  0.053684210526315793
0.6  1.0  0.092631578947368426
0.8  1.0  0.13894736842105262
1.0  0.95999999999999996  0.1463157894736842
0.2  1.0  0.016842105263157894
0.4  1.0  0.067368421052631577
0.6  1.0  0.10736842105263159
0.8  1.0  0.12842105263157894
1.0  0.95999999999999996  0.15578947368421053
0.2  1.0  0.01368421052631579
0.4  1.0  0.068421052631578952
0.6  1.0  0.10105263157894737
0.8  1.0  0.15157894736842106
1.0  1.0  0.16105263157894736
0.2  1.0  0.014736842105263158
0.4  1.0  0.056842105263157895
0.6  0.97999999999999998  0.074736842105263157
0.8  0.95999999999999996  0.14736842105263157
1.0  1.0  0.17473684210526316
0.2  1.0  0.0073684210526315788
0.4  1.0  0.05473684210526316
0.6  1.0  0.082105263157894737
0.8  1.0  0.13894736842105262
1.0  1.0  0.15368421052631578
0.2  1.0  0.017894736842105262
0.4  1.0  0.057894736842105263
0.6  1.0  0.10947368421052632
0.8  0.88  0.13052631578947368
1.0  0.97999999999999998  0.16631578947368422
0.2  1.0  0.011578947368421053
0.4  1.0  0.045263157894736845
0.6  1.0  0.087368421052631581
0.8  1.0  0.12842105263157894
1.0  1.0  0.16526315789473683
0.2  1.0  0.010526315789473684
0.4  1.0  0.055789473684210528
0.6  1.0  0.078947368421052627
0.8  1.0  0.13894736842105262
1.0  0.97999999999999998  0.1463157894736842
0.2  1.0  0.015789473684210527
0.4  1.0  0.070526315789473687
0.6  1.0  0.10210526315789474
0.8  0.95999999999999996  0.13473684210526315
1.0  0.71999999999999997  0.18842105263157893
0.2  1.0  0.011578947368421053
0.4  1.0  0.063157894736842107
0.6  1.0  0.085263157894736846
0.8  0.92000000000000004  0.11894736842105263
1.0  1.0  0.15473684210526314
0.2  1.0  0.01368421052631579
0.4  1.0  0.046315789473684213
0.6  0.97999999999999998  0.082105263157894737
0.8  1.0  0.12210526315789473
1.0  1.0  0.14947368421052631
0.2  1.0  0.012631578947368421
0.4  1.0  0.063157894736842107
0.6  1.0  0.083157894736842111
0.8  1.0  0.1368421052631579
1.0  1.0  0.15157894736842106
0.2  1.0  0.01368421052631579
0.4  1.0  0.061052631578947365
0.6  1.0  0.087368421052631581
0.8  0.80000000000000004  0.13368421052631579
1.0  1.0  0.16105263157894736
0.2  1.0  0.011578947368421053
0.4  1.0  0.070526315789473687
0.6  0.52000000000000002  0.093684210526315786
0.8  0.81999999999999995  0.14105263157894737
1.0  1.0  0.16
0.2  1.0  0.015789473684210527
0.4  0.81999999999999995  0.056842105263157895
0.6  1.0  0.10736842105263159
0.8  1.0  0.12631578947368421
1.0  0.81999999999999995  0.17578947368421052
0.2  0.93999999999999995  0.012631578947368421
0.4  1.0  0.057894736842105263
0.6  0.88  0.094736842105263161
0.8  0.90000000000000002  0.11368421052631579
1.0  1.0  0.14105263157894737
0.2  1.0  0.011578947368421053
0.4  1.0  0.051578947368421051
0.6  0.62  0.085263157894736846
0.8  1.0  0.12736842105263158
1.0  1.0  0.15368421052631578
0.2  1.0  0.017894736842105262
0.4  0.88  0.046315789473684213
0.6  1.0  0.10736842105263159
0.8  1.0  0.11473684210526315
1.0  1.0  0.17999999999999999
0.2  0.92000000000000004  0.016842105263157894
0.4  1.0  0.061052631578947365
0.6  1.0  0.091578947368421051
0.8  1.0  0.12631578947368421
1.0  0.66000000000000003  0.15789473684210525
0.2  1.0  0.015789473684210527
0.4  1.0  0.05894736842105263
0.6  1.0  0.098947368421052631
0.8  1.0  0.12526315789473685
1.0  1.0  0.15263157894736842
