2  1.0  0.0
3  1.0  0.0
4  1.0  0.0
5  1.0  0.031578947368421054
6  1.0  0.0
7  1.0  0.0
8  1.0  0.021052631578947368
9  1.0  0.042105263157894736
10  1.0  0.010526315789473684
11  1.0  0.063157894736842107
2  1.0  0.031578947368421054
3  1.0  0.042105263157894736
4  1.0  0.010526315789473684
5  1.0  0.010526315789473684
6  1.0  0.010526315789473684
7  1.0  0.0
8  1.0  0.052631578947368418
9  1.0  0.021052631578947368
10  1.0  0.094736842105263161
11  1.0  0.094736842105263161
2  0.80000000000000004  0.0
3  1.0  0.031578947368421054
4  1.0  0.063157894736842107
5  1.0  0.031578947368421054
6  1.0  0.021052631578947368
7  1.0  0.042105263157894736
8  1.0  0.084210526315789472
9  1.0  0.063157894736842107
10  1.0  0.073684210526315783
11  1.0  0.052631578947368418
2  1.0  0.021052631578947368
3  1.0  0.0
4  1.0  0.021052631578947368
5  1.0  0.063157894736842107
6  1.0  0.042105263157894736
7  1.0  0.021052631578947368
8  1.0  0.0
9  1.0  0.084210526315789472
10  1.0  0.042105263157894736
11  1.0  0.0
2  0.40000000000000002  0.0
3  1.0  0.021052631578947368
4  1.0  0.0
5  1.0  0.0
6  1.0  0.0
7  1.0  0.073684210526315783
8  1.0  0.0
9  1.0  0.052631578947368418
10  1.0  0.10526315789473684
11  1.0  0.094736842105263161
2  1.0  0.031578947368421054
3  1.0  0.010526315789473684
4  1.0  0.010526315789473684
5  1.0  0.052631578947368418
6  1.0  0.084210526315789472
7  1.0  0.021052631578947368
8  1.0  0.031578947368421054
9  1.0  0.031578947368421054
10  1.0  0.042105263157894736
11  1.0  0.094736842105263161
2  1.0  0.010526315789473684
3  1.0  0.0
4  1.0  0.0
5  1.0  0.010526315789473684
6  1.0  0.0
7  1.0  0.052631578947368418
8  1.0  0.0
9  1.0  0.094736842105263161
10  1.0  0.010526315789473684
11  1.0  0.063157894736842107
2  1.0  0.0
3  1.0  0.0
4  1.0  0.042105263157894736
5  1.0  0.0
6  1.0  0.094736842105263161
7  1.0  0.021052631578947368
8  1.0  0.10526315789473684
9  1.0  0.094736842105263161
10  1.0  0.0
11  1.0  0.042105263157894736
2  1.0  0.0
3  1.0  0.010526315789473684
4  1.0  0.0
5  1.0  0.010526315789473684
6  1.0  0.052631578947368418
7  1.0  0.010526315789473684
8  1.0  0.021052631578947368
9  1.0  0.021052631578947368
10  1.0  0.042105263157894736
11  1.0  0.084210526315789472
2  1.0  0.0
3  1.0  0.031578947368421054
4  1.0  0.010526315789473684
5  1.0  0.021052631578947368
6  1.0  0.0
7  1.0  0.042105263157894736
8  1.0  0.042105263157894736
9  1.0  0.031578947368421054
10  1.0  0.021052631578947368
11  1.0  0.094736842105263161
2  1.0  0.010526315789473684
3  1.0  0.0
4  1.0  0.11578947368421053
5  1.0  0.010526315789473684
6  1.0  0.010526315789473684
7  1.0  0.042105263157894736
8  1.0  0.0
9  1.0  0.0
10  1.0  0.031578947368421054
11  1.0  0.0
2  0.80000000000000004  0.010526315789473684
3  1.0  0.010526315789473684
4  1.0  0.021052631578947368
5  1.0  0.031578947368421054
6  1.0  0.021052631578947368
7  1.0  0.031578947368421054
8  1.0  0.10526315789473684
9  1.0  0.052631578947368418
10  1.0  0.031578947368421054
11  1.0  0.042105263157894736
2  1.0  0.0
3  1.0  0.0
4  1.0  0.0
5  1.0  0.010526315789473684
6  1.0  0.010526315789473684
7  1.0  0.12631578947368421
8  1.0  0.063157894736842107
9  1.0  0.021052631578947368
10  1.0  0.073684210526315783
11  1.0  0.063157894736842107
2  1.0  0.0
3  1.0  0.0
4  1.0  0.0
5  1.0  0.042105263157894736
6  1.0  0.010526315789473684
7  1.0  0.063157894736842107
8  1.0  0.052631578947368418
9  1.0  0.042105263157894736
10  1.0  0.0
11  1.0  0.14736842105263157
2  1.0  0.052631578947368418
3  1.0  0.031578947368421054
4  1.0  0.073684210526315783
5  1.0  0.0
6  1.0  0.031578947368421054
7  1.0  0.031578947368421054
8  1.0  0.14736842105263157
9  1.0  0.084210526315789472
10  1.0  0.031578947368421054
11  1.0  0.0
2  1.0  0.0
3  1.0  0.010526315789473684
4  1.0  0.042105263157894736
5  1.0  0.042105263157894736
6  1.0  0.021052631578947368
7  1.0  0.063157894736842107
8  1.0  0.073684210526315783
9  1.0  0.031578947368421054
10  1.0  0.063157894736842107
11  1.0  0.073684210526315783
2  1.0  0.0
3  1.0  0.0
4  1.0  0.073684210526315783
5  1.0  0.073684210526315783
6  1.0  0.0
7  1.0  0.031578947368421054
8  1.0  0.063157894736842107
9  1.0  0.010526315789473684
10  1.0  0.084210526315789472
11  1.0  0.031578947368421054
2  1.0  0.0
3  1.0  0.0
4  1.0  0.021052631578947368
5  1.0  0.063157894736842107
6  1.0  0.042105263157894736
7  1.0  0.031578947368421054
8  1.0  0.010526315789473684
9  1.0  0.031578947368421054
10  1.0  0.063157894736842107
11  1.0  0.031578947368421054
2  1.0  0.010526315789473684
3  1.0  0.042105263157894736
4  1.0  0.0
5  1.0  0.031578947368421054
6  1.0  0.042105263157894736
7  1.0  0.031578947368421054
8  1.0  0.0
9  1.0  0.031578947368421054
10  1.0  0.021052631578947368
11  1.0  0.063157894736842107
2  1.0  0.0
3  1.0  0.0
4  1.0  0.0
5  1.0  0.021052631578947368
6  1.0  0.031578947368421054
7  1.0  0.073684210526315783
8  1.0  0.063157894736842107
9  1.0  0.031578947368421054
10  1.0  0.0
11  1.0  0.10526315789473684
2  1.0  0.0
3  1.0  0.0
4  1.0  0.0
5  1.0  0.0
6  1.0  0.021052631578947368
7  1.0  0.042105263157894736
8  1.0  0.0
9  1.0  0.052631578947368418
10  1.0  0.052631578947368418
11  1.0  0.063157894736842107
2  1.0  0.0
3  1.0  0.010526315789473684
4  1.0  0.052631578947368418
5  1.0  0.010526315789473684
6  1.0  0.010526315789473684
7  1.0  0.0
8  1.0  0.052631578947368418
9  1.0  0.031578947368421054
10  1.0  0.063157894736842107
11  1.0  0.12631578947368421
2  0.80000000000000004  0.0
3  1.0  0.0
4  1.0  0.010526315789473684
5  1.0  0.0
6  1.0  0.031578947368421054
7  1.0  0.0
8  1.0  0.031578947368421054
9  1.0  0.10526315789473684
10  1.0  0.010526315789473684
11  1.0  0.042105263157894736
2  1.0  0.0
3  1.0  0.010526315789473684
4  1.0  0.021052631578947368
5  1.0  0.010526315789473684
6  1.0  0.063157894736842107
7  1.0  0.073684210526315783
8  1.0  0.0
9  1.0  0.052631578947368418
10  1.0  0.010526315789473684
11  1.0  0.031578947368421054
2  1.0  0.010526315789473684
3  1.0  0.021052631578947368
4  1.0  0.0
5  1.0  0.031578947368421054
6  1.0  0.031578947368421054
7  1.0  0.052631578947368418
8  1.0  0.042105263157894736
9  1.0  0.063157894736842107
10  1.0  0.031578947368421054
11  1.0  0.084210526315789472
2  0.80000000000000004  0.0
3  0.80000000000000004  0.042105263157894736
4  1.0  0.063157894736842107
5  1.0  0.010526315789473684
6  1.0  0.063157894736842107
7  1.0  0.0
8  1.0  0.11578947368421053
9  1.0  0.042105263157894736
10  1.0  0.021052631578947368
11  1.0  0.073684210526315783
2  1.0  0.010526315789473684
3  1.0  0.021052631578947368
4  0.80000000000000004  0.0
5  1.0  0.010526315789473684
6  1.0  0.042105263157894736
7  1.0  0.010526315789473684
8  1.0  0.021052631578947368
9  1.0  0.10526315789473684
10  1.0  0.0
11  1.0  0.11578947368421053
2  1.0  0.042105263157894736
3  1.0  0.0
4  1.0  0.0
5  1.0  0.010526315789473684
6  1.0  0.042105263157894736
7  1.0  0.052631578947368418
8  1.0  0.010526315789473684
9  1.0  0.094736842105263161
10  1.0  0.0
11  1.0  0.1368421052631579
2  1.0  0.031578947368421054
3  1.0  0.021052631578947368
4  1.0  0.042105263157894736
5  1.0  0.010526315789473684
6  1.0  0.031578947368421054
7  1.0  0.073684210526315783
8  1.0  0.021052631578947368
9  1.0  0.021052631578947368
10  1.0  0.0
11  1.0  0.084210526315789472
2  1.0  0.0
3  1.0  0.0
4  1.0  0.0
5  1.0  0.10526315789473684
6  1.0  0.010526315789473684
7  1.0  0.0
8  1.0  0.010526315789473684
9  1.0  0.052631578947368418
10  1.0  0.073684210526315783
11  1.0  0.021052631578947368
2  1.0  0.021052631578947368
3  1.0  0.0
4  1.0  0.0
5  1.0  0.031578947368421054
6  1.0  0.0
7  1.0  0.11578947368421053
8  1.0  0.042105263157894736
9  1.0  0.0
10  1.0  0.021052631578947368
11  1.0  0.021052631578947368
2  0.59999999999999998  0.0
3  1.0  0.042105263157894736
4  1.0  0.021052631578947368
5  1.0  0.073684210526315783
6  1.0  0.063157894736842107
7  1.0  0.0
8  1.0  0.0
9  1.0  0.0
10  1.0  0.15789473684210525
11  1.0  0.010526315789473684
2  1.0  0.0
3  1.0  0.042105263157894736
4  1.0  0.021052631578947368
5  1.0  0.042105263157894736
6  1.0  0.031578947368421054
7  1.0  0.042105263157894736
8  1.0  0.010526315789473684
9  1.0  0.021052631578947368
10  1.0  0.1368421052631579
11  1.0  0.11578947368421053
2  1.0  0.0
3  1.0  0.042105263157894736
4  1.0  0.0
5  1.0  0.021052631578947368
6  1.0  0.0
7  1.0  0.010526315789473684
8  1.0  0.042105263157894736
9  1.0  0.031578947368421054
10  1.0  0.031578947368421054
11  1.0  0.031578947368421054
2  1.0  0.0
3  1.0  0.0
4  1.0  0.0
5  1.0  0.0
6  1.0  0.042105263157894736
7  1.0  0.063157894736842107
8  1.0  0.042105263157894736
9  1.0  0.042105263157894736
10  1.0  0.052631578947368418
11  1.0  0.0
2  1.0  0.0
3  1.0  0.042105263157894736
4  1.0  0.052631578947368418
5  1.0  0.010526315789473684
6  1.0  0.0
7  1.0  0.042105263157894736
8  1.0  0.021052631578947368
9  1.0  0.042105263157894736
10  1.0  0.042105263157894736
11  1.0  0.0
2  0.80000000000000004  0.031578947368421054
3  1.0  0.021052631578947368
4  0.80000000000000004  0.042105263157894736
5  1.0  0.031578947368421054
6  1.0  0.010526315789473684
7  1.0  0.031578947368421054
8  1.0  0.052631578947368418
9  1.0  0.063157894736842107
10  1.0  0.042105263157894736
11  1.0  0.12631578947368421
2  1.0  0.0
3  1.0  0.010526315789473684
4  1.0  0.0
5  1.0  0.052631578947368418
6  1.0  0.042105263157894736
7  1.0  0.0
8  1.0  0.010526315789473684
9  1.0  0.031578947368421054
10  1.0  0.021052631578947368
11  1.0  0.073684210526315783
2  1.0  0.010526315789473684
3  1.0  0.0
4  1.0  0.021052631578947368
5  1.0  0.021052631578947368
6  1.0  0.031578947368421054
7  1.0  0.042105263157894736
8  1.0  0.021052631578947368
9  1.0  0.021052631578947368
10  1.0  0.031578947368421054
11  1.0  0.010526315789473684
2  0.80000000000000004  0.0
3  1.0  0.0
4  1.0  0.042105263157894736
5  1.0  0.021052631578947368
6  1.0  0.010526315789473684
7  1.0  0.042105263157894736
8  1.0  0.10526315789473684
9  1.0  0.052631578947368418
10  1.0  0.042105263157894736
11  1.0  0.063157894736842107
2  1.0  0.0
3  1.0  0.0
4  1.0  0.010526315789473684
5  1.0  0.021052631578947368
6  1.0  0.0
7  1.0  0.0
8  1.0  0.042105263157894736
9  1.0  0.021052631578947368
10  1.0  0.021052631578947368
11  1.0  0.14736842105263157
2  1.0  0.0
3  1.0  0.0
4  1.0  0.0
5  1.0  0.052631578947368418
6  1.0  0.084210526315789472
7  1.0  0.094736842105263161
8  1.0  0.052631578947368418
9  1.0  0.084210526315789472
10  1.0  0.031578947368421054
11  1.0  0.042105263157894736
2  1.0  0.0
3  1.0  0.0
4  1.0  0.0
5  1.0  0.073684210526315783
6  1.0  0.0
7  1.0  0.073684210526315783
8  1.0  0.010526315789473684
9  1.0  0.063157894736842107
10  1.0  0.063157894736842107
11  1.0  0.063157894736842107
2  1.0  0.021052631578947368
3  1.0  0.0
4  1.0  0.0
5  1.0  0.031578947368421054
6  1.0  0.063157894736842107
7  1.0  0.021052631578947368
8  1.0  0.0
9  1.0  0.010526315789473684
10  1.0  0.063157894736842107
11  1.0  0.094736842105263161
2  0.80000000000000004  0.0
3  1.0  0.052631578947368418
4  1.0  0.010526315789473684
5  1.0  0.0
6  1.0  0.031578947368421054
7  1.0  0.021052631578947368
8  1.0  0.0
9  1.0  0.0
10  1.0  0.010526315789473684
11  1.0  0.10526315789473684
2  1.0  0.021052631578947368
3  1.0  0.021052631578947368
4  1.0  0.0
5  1.0  0.084210526315789472
6  1.0  0.0
7  1.0  0.052631578947368418
8  1.0  0.10526315789473684
9  1.0  0.052631578947368418
10  1.0  0.10526315789473684
11  1.0  0.042105263157894736
2  1.0  0.0
3  1.0  0.063157894736842107
4  1.0  0.0
5  1.0  0.0
6  1.0  0.031578947368421054
7  1.0  0.084210526315789472
8  1.0  0.042105263157894736
9  1.0  0.010526315789473684
10  1.0  0.042105263157894736
11  1.0  0.010526315789473684
2  1.0  0.0
3  1.0  0.063157894736842107
4  1.0  0.0
5  1.0  0.031578947368421054
6  1.0  0.094736842105263161
7  1.0  0.021052631578947368
8  1.0  0.084210526315789472
9  1.0  0.042105263157894736
10  1.0  0.031578947368421054
11  1.0  0.084210526315789472
2  1.0  0.010526315789473684
3  0.80000000000000004  0.0
4  1.0  0.021052631578947368
5  1.0  0.0
6  1.0  0.021052631578947368
7  1.0  0.10526315789473684
8  1.0  0.010526315789473684
9  1.0  0.042105263157894736
10  1.0  0.010526315789473684
11  1.0  0.031578947368421054
2  1.0  0.021052631578947368
3  1.0  0.021052631578947368
4  1.0  0.031578947368421054
5  1.0  0.0
6  1.0  0.0
7  1.0  0.0
8  1.0  0.010526315789473684
9  1.0  0.052631578947368418
10  1.0  0.11578947368421053
11  1.0  0.063157894736842107
2  1.0  0.021052631578947368
3  1.0  0.010526315789473684
4  1.0  0.0
5  1.0  0.0
6  1.0  0.063157894736842107
7  1.0  0.010526315789473684
8  1.0  0.11578947368421053
9  1.0  0.021052631578947368
10  1.0  0.063157894736842107
11  1.0  0.010526315789473684
2  1.0  0.010526315789473684
3  1.0  0.010526315789473684
4  1.0  0.0
5  1.0  0.0
6  1.0  0.031578947368421054
7  1.0  0.0
8  1.0  0.052631578947368418
9  1.0  0.010526315789473684
10  1.0  0.042105263157894736
11  1.0  0.073684210526315783
2  0.80000000000000004  0.010526315789473684
3  1.0  0.0
4  1.0  0.0
5  1.0  0.0
6  1.0  0.021052631578947368
7  1.0  0.010526315789473684
8  1.0  0.094736842105263161
9  1.0  0.031578947368421054
10  1.0  0.084210526315789472
11  1.0  0.021052631578947368
2  1.0  0.0
3  1.0  0.052631578947368418
4  1.0  0.010526315789473684
5  1.0  0.010526315789473684
6  1.0  0.010526315789473684
7  1.0  0.0
8  1.0  0.031578947368421054
9  1.0  0.0
10  1.0  0.010526315789473684
11  1.0  0.052631578947368418
2  1.0  0.052631578947368418
3  1.0  0.0
4  1.0  0.031578947368421054
5  1.0  0.0
6  1.0  0.010526315789473684
7  1.0  0.010526315789473684
8  1.0  0.094736842105263161
9  1.0  0.073684210526315783
10  1.0  0.084210526315789472
11  1.0  0.031578947368421054
2  1.0  0.0
3  1.0  0.021052631578947368
4  1.0  0.063157894736842107
5  1.0  0.052631578947368418
6  1.0  0.021052631578947368
7  1.0  0.010526315789473684
8  1.0  0.063157894736842107
9  1.0  0.0
10  1.0  0.0
11  1.0  0.021052631578947368
2  1.0  0.0
3  1.0  0.021052631578947368
4  1.0  0.021052631578947368
5  1.0  0.042105263157894736
6  1.0  0.010526315789473684
7  1.0  0.042105263157894736
8  1.0  0.073684210526315783
9  1.0  0.094736842105263161
10  1.0  0.042105263157894736
11  1.0  0.10526315789473684
2  1.0  0.031578947368421054
3  1.0  0.0
4  1.0  0.0
5  1.0  0.031578947368421054
6  1.0  0.010526315789473684
7  1.0  0.073684210526315783
8  1.0  0.010526315789473684
9  1.0  0.063157894736842107
10  1.0  0.052631578947368418
11  1.0  0.16842105263157894
2  1.0  0.0
3  1.0  0.063157894736842107
4  1.0  0.031578947368421054
5  1.0  0.010526315789473684
6  1.0  0.042105263157894736
7  1.0  0.021052631578947368
8  1.0  0.021052631578947368
9  1.0  0.021052631578947368
10  1.0  0.042105263157894736
11  1.0  0.10526315789473684
2  1.0  0.021052631578947368
3  1.0  0.0
4  1.0  0.021052631578947368
5  1.0  0.0
6  1.0  0.063157894736842107
7  1.0  0.0
8  1.0  0.094736842105263161
9  1.0  0.010526315789473684
10  1.0  0.010526315789473684
11  1.0  0.052631578947368418
2  1.0  0.0
3  1.0  0.0
4  1.0  0.010526315789473684
5  1.0  0.042105263157894736
6  1.0  0.042105263157894736
7  1.0  0.010526315789473684
8  1.0  0.010526315789473684
9  1.0  0.063157894736842107
10  1.0  0.084210526315789472
11  1.0  0.094736842105263161
2  1.0  0.0
3  1.0  0.0
4  1.0  0.052631578947368418
5  1.0  0.021052631578947368
6  1.0  0.010526315789473684
7  1.0  0.0
8  1.0  0.042105263157894736
9  1.0  0.0
10  1.0  0.031578947368421054
11  1.0  0.021052631578947368
2  1.0  0.0
3  1.0  0.0
4  1.0  0.052631578947368418
5  1.0  0.021052631578947368
6  1.0  0.042105263157894736
7  1.0  0.021052631578947368
8  1.0  0.042105263157894736
9  1.0  0.10526315789473684
10  1.0  0.0
11  1.0  0.063157894736842107
2  0.80000000000000004  0.0
3  1.0  0.094736842105263161
4  1.0  0.0
5  1.0  0.021052631578947368
6  1.0  0.063157894736842107
7  1.0  0.094736842105263161
8  1.0  0.084210526315789472
9  1.0  0.042105263157894736
10  1.0  0.073684210526315783
11  1.0  0.042105263157894736
2  1.0  0.0
3  1.0  0.031578947368421054
4  1.0  0.031578947368421054
5  1.0  0.0
6  1.0  0.021052631578947368
7  1.0  0.0
8  1.0  0.084210526315789472
9  1.0  0.010526315789473684
10  1.0  0.031578947368421054
11  1.0  0.042105263157894736
2  1.0  0.0
3  1.0  0.042105263157894736
4  1.0  0.042105263157894736
5  1.0  0.042105263157894736
6  1.0  0.042105263157894736
7  1.0  0.021052631578947368
8  1.0  0.042105263157894736
9  1.0  0.042105263157894736
10  1.0  0.063157894736842107
11  1.0  0.021052631578947368
2  1.0  0.0
3  1.0  0.010526315789473684
4  1.0  0.0
5  1.0  0.0
6  1.0  0.010526315789473684
7  1.0  0.0
8  1.0  0.031578947368421054
9  1.0  0.042105263157894736
10  1.0  0.094736842105263161
11  1.0  0.063157894736842107
2  1.0  0.031578947368421054
3  1.0  0.010526315789473684
4  1.0  0.042105263157894736
5  1.0  0.0
6  1.0  0.052631578947368418
7  1.0  0.063157894736842107
8  1.0  0.021052631578947368
9  1.0  0.031578947368421054
10  1.0  0.094736842105263161
11  1.0  0.0
2  0.59999999999999998  0.0
3  1.0  0.063157894736842107
4  1.0  0.031578947368421054
5  1.0  0.031578947368421054
6  1.0  0.0
7  1.0  0.010526315789473684
8  1.0  0.063157894736842107
9  1.0  0.073684210526315783
10  1.0  0.052631578947368418
11  1.0  0.021052631578947368
2  1.0  0.0
3  1.0  0.021052631578947368
4  1.0  0.042105263157894736
5  1.0  0.094736842105263161
6  1.0  0.031578947368421054
7  1.0  0.0
8  1.0  0.021052631578947368
9  1.0  0.052631578947368418
10  1.0  0.021052631578947368
11  1.0  0.084210526315789472
2  1.0  0.010526315789473684
3  1.0  0.052631578947368418
4  1.0  0.031578947368421054
5  1.0  0.031578947368421054
6  1.0  0.031578947368421054
7  1.0  0.042105263157894736
8  1.0  0.10526315789473684
9  1.0  0.042105263157894736
10  1.0  0.010526315789473684
11  1.0  0.052631578947368418
2  1.0  0.010526315789473684
3  1.0  0.042105263157894736
4  1.0  0.010526315789473684
5  1.0  0.010526315789473684
6  1.0  0.021052631578947368
7  1.0  0.084210526315789472
8  1.0  0.010526315789473684
9  1.0  0.042105263157894736
10  1.0  0.042105263157894736
11  1.0  0.10526315789473684
2  1.0  0.031578947368421054
3  1.0  0.0
4  1.0  0.031578947368421054
5  1.0  0.0
6  1.0  0.052631578947368418
7  1.0  0.042105263157894736
8  1.0  0.0
9  1.0  0.0
10  1.0  0.0
11  1.0  0.042105263157894736
2  0.80000000000000004  0.0
3  1.0  0.0
4  1.0  0.021052631578947368
5  1.0  0.0
6  1.0  0.0
7  1.0  0.042105263157894736
8  1.0  0.0
9  1.0  0.031578947368421054
10  1.0  0.063157894736842107
11  1.0  0.063157894736842107
2  1.0  0.031578947368421054
3  1.0  0.0
4  1.0  0.0
5  1.0  0.0
6  1.0  0.031578947368421054
7  1.0  0.0
8  1.0  0.0
9  1.0  0.021052631578947368
10  1.0  0.031578947368421054
11  1.0  0.042105263157894736
2  1.0  0.0
3  1.0  0.010526315789473684
4  1.0  0.042105263157894736
5  1.0  0.084210526315789472
6  1.0  0.021052631578947368
7  1.0  0.021052631578947368
8  1.0  0.031578947368421054
9  1.0  0.052631578947368418
10  1.0  0.094736842105263161
11  1.0  0.052631578947368418
2  0.80000000000000004  0.084210526315789472
3  1.0  0.021052631578947368
4  1.0  0.021052631578947368
5  1.0  0.073684210526315783
6  1.0  0.010526315789473684
7  1.0  0.0
8  1.0  0.042105263157894736
9  1.0  0.052631578947368418
10  1.0  0.010526315789473684
11  1.0  0.021052631578947368
2  1.0  0.0
3  1.0  0.0
4  1.0  0.0
5  1.0  0.0
6  1.0  0.0
7  1.0  0.094736842105263161
8  1.0  0.010526315789473684
9  1.0  0.021052631578947368
10  1.0  0.073684210526315783
11  1.0  0.12631578947368421
2  1.0  0.052631578947368418
3  1.0  0.010526315789473684
4  0.80000000000000004  0.042105263157894736
5  1.0  0.0
6  1.0  0.0
7  1.0  0.0
8  1.0  0.052631578947368418
9  1.0  0.010526315789473684
10  1.0  0.084210526315789472
11  1.0  0.052631578947368418
2  1.0  0.010526315789473684
3  1.0  0.010526315789473684
4  1.0  0.0
5  1.0  0.021052631578947368
6  1.0  0.031578947368421054
7  1.0  0.084210526315789472
8  1.0  0.084210526315789472
9  1.0  0.010526315789473684
10  1.0  0.042105263157894736
11  1.0  0.084210526315789472
2  1.0  0.0
3  1.0  0.0
4  1.0  0.021052631578947368
5  1.0  0.052631578947368418
6  1.0  0.0
7  1.0  0.042105263157894736
8  1.0  0.073684210526315783
9  1.0  0.042105263157894736
10  1.0  0.021052631578947368
11  1.0  0.010526315789473684
2  1.0  0.0
3  1.0  0.0
4  1.0  0.021052631578947368
5  1.0  0.042105263157894736
6  1.0  0.063157894736842107
7  1.0  0.0
8  1.0  0.021052631578947368
9  1.0  0.031578947368421054
10  1.0  0.021052631578947368
11  1.0  0.042105263157894736
2  1.0  0.0
3  1.0  0.0
4  1.0  0.0
5  1.0  0.031578947368421054
6  1.0  0.084210526315789472
7  1.0  0.021052631578947368
8  1.0  0.042105263157894736
9  1.0  0.10526315789473684
10  1.0  0.094736842105263161
11  1.0  0.021052631578947368
2  1.0  0.0
3  1.0  0.0
4  1.0  0.0
5  1.0  0.0
6  1.0  0.063157894736842107
7  1.0  0.0
8  1.0  0.052631578947368418
9  1.0  0.042105263157894736
10  1.0  0.094736842105263161
11  1.0  0.0
2  1.0  0.042105263157894736
3  1.0  0.0
4  1.0  0.031578947368421054
5  1.0  0.0
6  1.0  0.010526315789473684
7  1.0  0.042105263157894736
8  1.0  0.042105263157894736
9  1.0  0.052631578947368418
10  1.0  0.1368421052631579
11  1.0  0.042105263157894736
2  1.0  0.010526315789473684
3  1.0  0.010526315789473684
4  1.0  0.0
5  1.0  0.042105263157894736
6  1.0  0.073684210526315783
7  1.0  0.0
8  1.0  0.031578947368421054
9  1.0  0.031578947368421054
10  1.0  0.0
11  1.0  0.052631578947368418
2  0.80000000000000004  0.031578947368421054
3  1.0  0.010526315789473684
4  1.0  0.063157894736842107
5  1.0  0.063157894736842107
6  1.0  0.031578947368421054
7  1.0  0.010526315789473684
8  1.0  0.12631578947368421
9  1.0  0.063157894736842107
10  1.0  0.021052631578947368
11  1.0  0.052631578947368418
2  1.0  0.0
3  1.0  0.010526315789473684
4  1.0  0.0
5  1.0  0.0
6  1.0  0.073684210526315783
7  1.0  0.042105263157894736
8  1.0  0.042105263157894736
9  1.0  0.073684210526315783
10  1.0  0.084210526315789472
11  1.0  0.021052631578947368
2  1.0  0.0
3  0.80000000000000004  0.0
4  1.0  0.0
5  1.0  0.063157894736842107
6  1.0  0.052631578947368418
7  1.0  0.0
8  1.0  0.031578947368421054
9  1.0  0.031578947368421054
10  1.0  0.063157894736842107
11  1.0  0.021052631578947368
2  1.0  0.0
3  1.0  0.031578947368421054
4  1.0  0.010526315789473684
5  1.0  0.031578947368421054
6  1.0  0.010526315789473684
7  1.0  0.042105263157894736
8  1.0  0.063157894736842107
9  1.0  0.010526315789473684
10  1.0  0.031578947368421054
11  1.0  0.021052631578947368
2  0.40000000000000002  0.010526315789473684
3  1.0  0.073684210526315783
4  1.0  0.0
5  1.0  0.094736842105263161
6  1.0  0.042105263157894736
7  1.0  0.11578947368421053
8  1.0  0.0
9  1.0  0.052631578947368418
10  1.0  0.073684210526315783
11  1.0  0.073684210526315783
2  1.0  0.031578947368421054
3  1.0  0.031578947368421054
4  1.0  0.0
5  1.0  0.0
6  1.0  0.0
7  1.0  0.021052631578947368
8  1.0  0.0
9  1.0  0.0
10  1.0  0.021052631578947368
11  1.0  0.031578947368421054
2  1.0  0.021052631578947368
3  1.0  0.031578947368421054
4  1.0  0.021052631578947368
5  1.0  0.021052631578947368
6  1.0  0.063157894736842107
7  1.0  0.0
8  1.0  0.094736842105263161
9  1.0  0.0
10  1.0  0.094736842105263161
11  1.0  0.10526315789473684
2  1.0  0.010526315789473684
3  1.0  0.010526315789473684
4  1.0  0.021052631578947368
5  1.0  0.042105263157894736
6  1.0  0.042105263157894736
7  1.0  0.021052631578947368
8  1.0  0.021052631578947368
9  1.0  0.042105263157894736
10  1.0  0.12631578947368421
11  1.0  0.042105263157894736
2  1.0  0.021052631578947368
3  1.0  0.073684210526315783
4  1.0  0.063157894736842107
5  1.0  0.021052631578947368
6  1.0  0.063157894736842107
7  1.0  0.063157894736842107
8  1.0  0.0
9  1.0  0.084210526315789472
10  1.0  0.12631578947368421
11  1.0  0.031578947368421054
2  1.0  0.010526315789473684
3  1.0  0.0
4  1.0  0.052631578947368418
5  1.0  0.042105263157894736
6  1.0  0.021052631578947368
7  1.0  0.084210526315789472
8  1.0  0.010526315789473684
9  1.0  0.031578947368421054
10  1.0  0.010526315789473684
11  1.0  0.031578947368421054
2  1.0  0.031578947368421054
3  0.80000000000000004  0.0
4  1.0  0.0
5  1.0  0.031578947368421054
6  1.0  0.0
7  1.0  0.042105263157894736
8  1.0  0.052631578947368418
9  1.0  0.084210526315789472
10  1.0  0.042105263157894736
11  1.0  0.021052631578947368
2  1.0  0.042105263157894736
3  1.0  0.0
4  1.0  0.031578947368421054
5  1.0  0.063157894736842107
6  1.0  0.0
7  1.0  0.010526315789473684
8  1.0  0.031578947368421054
9  1.0  0.0
10  1.0  0.052631578947368418
11  1.0  0.031578947368421054
2  1.0  0.0
3  1.0  0.010526315789473684
4  1.0  0.010526315789473684
5  1.0  0.0
6  1.0  0.0
7  1.0  0.021052631578947368
8  1.0  0.031578947368421054
9  1.0  0.031578947368421054
10  1.0  0.042105263157894736
11  1.0  0.010526315789473684
2  0.80000000000000004  0.0
3  1.0  0.0
4  1.0  0.0
5  0.80000000000000004  0.0
6  1.0  0.031578947368421054
7  1.0  0.052631578947368418
8  1.0  0.042105263157894736
9  1.0  0.031578947368421054
10  1.0  0.052631578947368418
11  1.0  0.031578947368421054
