2  1.0  0.0
3  1.0  0.0
4  1.0  0.010526315789473684
5  1.0  0.063157894736842107
6  1.0  0.084210526315789472
7  1.0  0.021052631578947368
8  1.0  0.063157894736842107
9  1.0  0.042105263157894736
10  1.0  0.18947368421052632
11  1.0  0.094736842105263161
2  1.0  0.0
3  1.0  0.0
4  1.0  0.073684210526315783
5  1.0  0.0
6  1.0  0.084210526315789472
7  1.0  0.094736842105263161
8  1.0  0.063157894736842107
9  1.0  0.18947368421052632
10  1.0  0.042105263157894736
11  1.0  0.27368421052631581
2  1.0  0.031578947368421054
3  1.0  0.0
4  1.0  0.0
5  1.0  0.021052631578947368
6  1.0  0.010526315789473684
7  1.0  0.063157894736842107
8  1.0  0.042105263157894736
9  1.0  0.094736842105263161
10  1.0  0.084210526315789472
11  1.0  0.26315789473684209
2  1.0  0.0
3  1.0  0.031578947368421054
4  1.0  0.0
5  1.0  0.010526315789473684
6  1.0  0.11578947368421053
7  1.0  0.010526315789473684
8  1.0  0.063157894736842107
9  1.0  0.18947368421052632
10  1.0  0.18947368421052632
11  1.0  0.1368421052631579
2  1.0  0.0
3  1.0  0.0
4  1.0  0.094736842105263161
5  1.0  0.042105263157894736
6  1.0  0.0
7  1.0  0.052631578947368418
8  1.0  0.010526315789473684
9  1.0  0.12631578947368421
10  1.0  0.0
11  1.0  0.37894736842105264
2  1.0  0.0
3  1.0  0.063157894736842107
4  1.0  0.052631578947368418
5  1.0  0.031578947368421054
6  1.0  0.052631578947368418
7  1.0  0.10526315789473684
8  1.0  0.042105263157894736
9  1.0  0.1368421052631579
10  1.0  0.12631578947368421
11  1.0  0.094736842105263161
2  1.0  0.0
3  1.0  0.021052631578947368
4  1.0  0.0
5  1.0  0.063157894736842107
6  1.0  0.010526315789473684
7  1.0  0.11578947368421053
8  1.0  0.094736842105263161
9  1.0  0.084210526315789472
10  1.0  0.031578947368421054
11  1.0  0.084210526315789472
2  1.0  0.0
3  1.0  0.0
4  1.0  0.0
5  1.0  0.021052631578947368
6  1.0  0.10526315789473684
7  1.0  0.20000000000000001
8  1.0  0.063157894736842107
9  1.0  0.0
10  1.0  0.052631578947368418
11  1.0  0.14736842105263157
2  1.0  0.042105263157894736
3  1.0  0.031578947368421054
4  1.0  0.12631578947368421
5  1.0  0.031578947368421054
6  1.0  0.031578947368421054
7  1.0  0.073684210526315783
8  1.0  0.063157894736842107
9  1.0  0.094736842105263161
10  1.0  0.18947368421052632
11  1.0  0.021052631578947368
2  1.0  0.0
3  1.0  0.0
4  1.0  0.0
5  1.0  0.052631578947368418
6  1.0  0.0
7  1.0  0.052631578947368418
8  1.0  0.11578947368421053
9  1.0  0.1368421052631579
10  1.0  0.042105263157894736
11  1.0  0.18947368421052632
2  1.0  0.0
3  1.0  0.0
4  1.0  0.021052631578947368
5  1.0  0.031578947368421054
6  1.0  0.052631578947368418
7  1.0  0.0
8  1.0  0.084210526315789472
9  1.0  0.021052631578947368
10  1.0  0.14736842105263157
11  1.0  0.1368421052631579
2  1.0  0.0
3  1.0  0.0
4  1.0  0.0
5  1.0  0.031578947368421054
6  1.0  0.010526315789473684
7  1.0  0.073684210526315783
8  1.0  0.10526315789473684
9  1.0  0.031578947368421054
10  1.0  0.21052631578947367
11  1.0  0.12631578947368421
2  1.0  0.010526315789473684
3  1.0  0.031578947368421054
4  1.0  0.0
5  1.0  0.021052631578947368
6  1.0  0.021052631578947368
7  1.0  0.0
8  1.0  0.084210526315789472
9  1.0  0.20000000000000001
10  1.0  0.10526315789473684
11  1.0  0.094736842105263161
2  0.80000000000000004  0.0
3  1.0  0.052631578947368418
4  1.0  0.010526315789473684
5  1.0  0.0
6  1.0  0.021052631578947368
7  1.0  0.073684210526315783
8  1.0  0.0
9  1.0  0.042105263157894736
10  1.0  0.15789473684210525
11  1.0  0.094736842105263161
2  1.0  0.0
3  1.0  0.010526315789473684
4  1.0  0.073684210526315783
5  1.0  0.042105263157894736
6  1.0  0.010526315789473684
7  1.0  0.042105263157894736
8  1.0  0.10526315789473684
9  1.0  0.031578947368421054
10  1.0  0.0
11  1.0  0.1368421052631579
2  1.0  0.0
3  1.0  0.063157894736842107
4  1.0  0.073684210526315783
5  1.0  0.0
6  1.0  0.010526315789473684
7  1.0  0.14736842105263157
8  1.0  0.10526315789473684
9  1.0  0.11578947368421053
10  1.0  0.031578947368421054
11  1.0  0.11578947368421053
2  1.0  0.0
3  1.0  0.0
4  1.0  0.052631578947368418
5  1.0  0.010526315789473684
6  1.0  0.021052631578947368
7  1.0  0.11578947368421053
8  1.0  0.063157894736842107
9  1.0  0.094736842105263161
10  1.0  0.17894736842105263
11  1.0  0.031578947368421054
2  1.0  0.0
3  1.0  0.042105263157894736
4  1.0  0.052631578947368418
5  1.0  0.073684210526315783
6  1.0  0.10526315789473684
7  1.0  0.0
8  1.0  0.063157894736842107
9  1.0  0.0
10  1.0  0.22105263157894736
11  1.0  0.031578947368421054
2  1.0  0.0
3  1.0  0.0
4  1.0  0.0
5  1.0  0.0
6  1.0  0.021052631578947368
7  1.0  0.073684210526315783
8  1.0  0.10526315789473684
9  1.0  0.10526315789473684
10  1.0  0.21052631578947367
11  1.0  0.17894736842105263
2  0.80000000000000004  0.010526315789473684
3  1.0  0.094736842105263161
4  1.0  0.0
5  1.0  0.073684210526315783
6  1.0  0.0
7  1.0  0.11578947368421053
8  1.0  0.063157894736842107
9  1.0  0.12631578947368421
10  1.0  0.17894736842105263
11  1.0  0.052631578947368418
2  1.0  0.0
3  1.0  0.0
4  1.0  0.021052631578947368
5  1.0  0.042105263157894736
6  1.0  0.042105263157894736
7  1.0  0.031578947368421054
8  1.0  0.15789473684210525
9  1.0  0.28421052631578947
10  1.0  0.1368421052631579
11  1.0  0.0
2  1.0  0.042105263157894736
3  1.0  0.0
4  1.0  0.042105263157894736
5  1.0  0.010526315789473684
6  1.0  0.0
7  1.0  0.010526315789473684
8  1.0  0.031578947368421054
9  1.0  0.094736842105263161
10  1.0  0.17894736842105263
11  1.0  0.094736842105263161
2  1.0  0.0
3  1.0  0.0
4  1.0  0.0
5  1.0  0.042105263157894736
6  1.0  0.052631578947368418
7  1.0  0.031578947368421054
8  1.0  0.084210526315789472
9  1.0  0.22105263157894736
10  1.0  0.10526315789473684
11  1.0  0.10526315789473684
2  1.0  0.0
3  1.0  0.031578947368421054
4  1.0  0.052631578947368418
5  1.0  0.052631578947368418
6  1.0  0.0
7  1.0  0.042105263157894736
8  1.0  0.073684210526315783
9  1.0  0.15789473684210525
10  1.0  0.12631578947368421
11  1.0  0.1368421052631579
2  1.0  0.0
3  1.0  0.0
4  1.0  0.010526315789473684
5  1.0  0.010526315789473684
6  1.0  0.0
7  1.0  0.010526315789473684
8  1.0  0.031578947368421054
9  1.0  0.021052631578947368
10  1.0  0.14736842105263157
11  1.0  0.031578947368421054
2  1.0  0.0
3  1.0  0.031578947368421054
4  1.0  0.0
5  1.0  0.031578947368421054
6  1.0  0.063157894736842107
7  1.0  0.0
8  1.0  0.073684210526315783
9  1.0  0.11578947368421053
10  1.0  0.22105263157894736
11  1.0  0.12631578947368421
2  1.0  0.063157894736842107
3  1.0  0.084210526315789472
4  1.0  0.0
5  1.0  0.042105263157894736
6  1.0  0.021052631578947368
7  1.0  0.0
8  1.0  0.010526315789473684
9  1.0  0.084210526315789472
10  1.0  0.010526315789473684
11  1.0  0.11578947368421053
2  1.0  0.021052631578947368
3  1.0  0.0
4  1.0  0.031578947368421054
5  1.0  0.052631578947368418
6  1.0  0.094736842105263161
7  1.0  0.063157894736842107
8  1.0  0.010526315789473684
9  1.0  0.22105263157894736
10  1.0  0.12631578947368421
11  1.0  0.23157894736842105
2  1.0  0.0
3  1.0  0.0
4  1.0  0.0
5  1.0  0.0
6  1.0  0.0
7  1.0  0.0
8  1.0  0.084210526315789472
9  1.0  0.18947368421052632
10  1.0  0.031578947368421054
11  1.0  0.17894736842105263
2  1.0  0.0
3  1.0  0.0
4  1.0  0.010526315789473684
5  1.0  0.021052631578947368
6  1.0  0.052631578947368418
7  1.0  0.021052631578947368
8  1.0  0.0
9  1.0  0.052631578947368418
10  1.0  0.094736842105263161
11  1.0  0.0
2  1.0  0.0
3  1.0  0.021052631578947368
4  1.0  0.0
5  1.0  0.10526315789473684
6  1.0  0.0
7  1.0  0.021052631578947368
8  1.0  0.063157894736842107
9  1.0  0.10526315789473684
10  1.0  0.10526315789473684
11  1.0  0.010526315789473684
2  1.0  0.0
3  1.0  0.031578947368421054
4  1.0  0.010526315789473684
5  1.0  0.084210526315789472
6  1.0  0.042105263157894736
7  1.0  0.063157894736842107
8  1.0  0.073684210526315783
9  1.0  0.094736842105263161
10  1.0  0.010526315789473684
11  1.0  0.042105263157894736
2  1.0  0.0
3  1.0  0.021052631578947368
4  1.0  0.042105263157894736
5  1.0  0.094736842105263161
6  1.0  0.0
7  1.0  0.0
8  1.0  0.11578947368421053
9  1.0  0.063157894736842107
10  1.0  0.063157894736842107
11  1.0  0.094736842105263161
2  1.0  0.0
3  1.0  0.0
4  1.0  0.0
5  1.0  0.021052631578947368
6  1.0  0.073684210526315783
7  1.0  0.063157894736842107
8  1.0  0.010526315789473684
9  1.0  0.031578947368421054
10  1.0  0.0
11  1.0  0.22105263157894736
2  1.0  0.010526315789473684
3  1.0  0.0
4  1.0  0.0
5  1.0  0.094736842105263161
6  1.0  0.042105263157894736
7  1.0  0.021052631578947368
8  1.0  0.063157894736842107
9  1.0  0.010526315789473684
10  1.0  0.073684210526315783
11  1.0  0.052631578947368418
2  1.0  0.042105263157894736
3  1.0  0.010526315789473684
4  1.0  0.0
5  1.0  0.0
6  1.0  0.10526315789473684
7  1.0  0.0
8  1.0  0.11578947368421053
9  1.0  0.15789473684210525
10  1.0  0.084210526315789472
11  1.0  0.084210526315789472
2  1.0  0.021052631578947368
3  1.0  0.010526315789473684
4  1.0  0.0
5  1.0  0.0
6  1.0  0.084210526315789472
7  1.0  0.094736842105263161
8  1.0  0.010526315789473684
9  1.0  0.094736842105263161
10  1.0  0.20000000000000001
11  1.0  0.010526315789473684
2  1.0  0.0
3  1.0  0.0
4  1.0  0.0
5  1.0  0.0
6  1.0  0.010526315789473684
7  1.0  0.14736842105263157
8  1.0  0.14736842105263157
9  1.0  0.10526315789473684
10  1.0  0.24210526315789474
11  1.0  0.052631578947368418
2  1.0  0.021052631578947368
3  1.0  0.0
4  1.0  0.052631578947368418
5  1.0  0.010526315789473684
6  1.0  0.0
7  1.0  0.084210526315789472
8  1.0  0.084210526315789472
9  1.0  0.042105263157894736
10  1.0  0.11578947368421053
11  1.0  0.063157894736842107
2  1.0  0.0
3  1.0  0.0
4  1.0  0.031578947368421054
5  1.0  0.031578947368421054
6  1.0  0.031578947368421054
7  1.0  0.12631578947368421
8  1.0  0.10526315789473684
9  1.0  0.052631578947368418
10  1.0  0.084210526315789472
11  1.0  0.10526315789473684
2  1.0  0.0
3  1.0  0.042105263157894736
4  1.0  0.0
5  1.0  0.052631578947368418
6  1.0  0.0
7  1.0  0.0
8  1.0  0.042105263157894736
9  1.0  0.031578947368421054
10  1.0  0.084210526315789472
11  1.0  0.32631578947368423
2  1.0  0.0
3  1.0  0.0
4  1.0  0.0
5  1.0  0.0
6  1.0  0.021052631578947368
7  1.0  0.1368421052631579
8  1.0  0.052631578947368418
9  1.0  0.031578947368421054
10  1.0  0.24210526315789474
11  1.0  0.063157894736842107
2  1.0  0.0
3  1.0  0.010526315789473684
4  1.0  0.031578947368421054
5  1.0  0.010526315789473684
6  1.0  0.073684210526315783
7  1.0  0.042105263157894736
8  1.0  0.031578947368421054
9  1.0  0.021052631578947368
10  1.0  0.14736842105263157
11  1.0  0.25263157894736843
2  1.0  0.0
3  1.0  0.0
4  1.0  0.031578947368421054
5  1.0  0.010526315789473684
6  1.0  0.094736842105263161
7  1.0  0.0
8  1.0  0.11578947368421053
9  1.0  0.042105263157894736
10  1.0  0.1368421052631579
11  1.0  0.1368421052631579
2  1.0  0.0
3  1.0  0.042105263157894736
4  1.0  0.0
5  1.0  0.021052631578947368
6  1.0  0.021052631578947368
7  1.0  0.1368421052631579
8  1.0  0.021052631578947368
9  1.0  0.094736842105263161
10  1.0  0.073684210526315783
11  1.0  0.052631578947368418
2  1.0  0.042105263157894736
3  1.0  0.0
4  1.0  0.042105263157894736
5  1.0  0.063157894736842107
6  1.0  0.12631578947368421
7  1.0  0.063157894736842107
8  1.0  0.031578947368421054
9  1.0  0.14736842105263157
10  1.0  0.073684210526315783
11  1.0  0.021052631578947368
2  1.0  0.0
3  1.0  0.052631578947368418
4  1.0  0.0
5  1.0  0.10526315789473684
6  1.0  0.010526315789473684
7  1.0  0.021052631578947368
8  1.0  0.031578947368421054
9  1.0  0.073684210526315783
10  1.0  0.084210526315789472
11  1.0  0.22105263157894736
2  1.0  0.0
3  1.0  0.031578947368421054
4  1.0  0.010526315789473684
5  1.0  0.063157894736842107
6  1.0  0.021052631578947368
7  1.0  0.24210526315789474
8  1.0  0.021052631578947368
9  1.0  0.094736842105263161
10  1.0  0.073684210526315783
11  1.0  0.14736842105263157
2  1.0  0.0
3  1.0  0.010526315789473684
4  1.0  0.0
5  1.0  0.010526315789473684
6  1.0  0.052631578947368418
7  1.0  0.16842105263157894
8  1.0  0.084210526315789472
9  1.0  0.0
10  1.0  0.063157894736842107
11  1.0  0.021052631578947368
2  1.0  0.010526315789473684
3  1.0  0.0
4  1.0  0.0
5  1.0  0.0
6  1.0  0.084210526315789472
7  1.0  0.12631578947368421
8  1.0  0.1368421052631579
9  1.0  0.042105263157894736
10  1.0  0.031578947368421054
11  1.0  0.042105263157894736
2  1.0  0.031578947368421054
3  1.0  0.0
4  1.0  0.031578947368421054
5  1.0  0.010526315789473684
6  1.0  0.052631578947368418
7  1.0  0.021052631578947368
8  1.0  0.052631578947368418
9  1.0  0.010526315789473684
10  1.0  0.084210526315789472
11  1.0  0.24210526315789474
2  1.0  0.0
3  1.0  0.0
4  1.0  0.0
5  1.0  0.042105263157894736
6  1.0  0.042105263157894736
7  1.0  0.010526315789473684
8  1.0  0.031578947368421054
9  1.0  0.052631578947368418
10  1.0  0.15789473684210525
11  1.0  0.12631578947368421
2  1.0  0.0
3  1.0  0.0
4  1.0  0.042105263157894736
5  1.0  0.10526315789473684
6  1.0  0.010526315789473684
7  1.0  0.031578947368421054
8  1.0  0.031578947368421054
9  1.0  0.052631578947368418
10  1.0  0.10526315789473684
11  1.0  0.010526315789473684
2  1.0  0.0
3  1.0  0.021052631578947368
4  1.0  0.021052631578947368
5  1.0  0.010526315789473684
6  1.0  0.031578947368421054
7  1.0  0.031578947368421054
8  1.0  0.042105263157894736
9  1.0  0.052631578947368418
10  1.0  0.10526315789473684
11  1.0  0.11578947368421053
2  1.0  0.0
3  1.0  0.0
4  1.0  0.010526315789473684
5  1.0  0.0
6  1.0  0.052631578947368418
7  1.0  0.0
8  1.0  0.0
9  1.0  0.021052631578947368
10  1.0  0.24210526315789474
11  1.0  0.094736842105263161
2  1.0  0.0
3  1.0  0.0
4  1.0  0.063157894736842107
5  1.0  0.0
6  1.0  0.042105263157894736
7  1.0  0.031578947368421054
8  1.0  0.094736842105263161
9  1.0  0.063157894736842107
10  1.0  0.0
11  1.0  0.084210526315789472
2  1.0  0.0
3  1.0  0.0
4  1.0  0.0
5  1.0  0.0
6  1.0  0.021052631578947368
7  1.0  0.052631578947368418
8  1.0  0.031578947368421054
9  1.0  0.031578947368421054
10  1.0  0.042105263157894736
11  1.0  0.084210526315789472
2  1.0  0.0
3  1.0  0.021052631578947368
4  1.0  0.031578947368421054
5  1.0  0.084210526315789472
6  1.0  0.010526315789473684
7  1.0  0.052631578947368418
8  1.0  0.11578947368421053
9  1.0  0.0
10  1.0  0.11578947368421053
11  1.0  0.084210526315789472
2  1.0  0.0
3  1.0  0.0
4  1.0  0.010526315789473684
5  1.0  0.0
6  1.0  0.063157894736842107
7  1.0  0.042105263157894736
8  1.0  0.10526315789473684
9  1.0  0.021052631578947368
10  1.0  0.073684210526315783
11  1.0  0.11578947368421053
2  1.0  0.0
3  1.0  0.021052631578947368
4  1.0  0.063157894736842107
5  1.0  0.052631578947368418
6  1.0  0.063157894736842107
7  1.0  0.10526315789473684
8  1.0  0.073684210526315783
9  1.0  0.063157894736842107
10  1.0  0.063157894736842107
11  1.0  0.1368421052631579
2  1.0  0.0
3  1.0  0.010526315789473684
4  1.0  0.052631578947368418
5  1.0  0.010526315789473684
6  1.0  0.0
7  1.0  0.11578947368421053
8  1.0  0.18947368421052632
9  1.0  0.094736842105263161
10  1.0  0.021052631578947368
11  1.0  0.11578947368421053
2  1.0  0.0
3  1.0  0.0
4  1.0  0.0
5  1.0  0.010526315789473684
6  1.0  0.052631578947368418
7  1.0  0.0
8  1.0  0.063157894736842107
9  1.0  0.0
10  1.0  0.063157894736842107
11  1.0  0.084210526315789472
2  1.0  0.0
3  1.0  0.0
4  1.0  0.010526315789473684
5  1.0  0.021052631578947368
6  1.0  0.031578947368421054
7  1.0  0.21052631578947367
8  1.0  0.073684210526315783
9  1.0  0.073684210526315783
10  1.0  0.0
11  1.0  0.042105263157894736
2  1.0  0.0
3  1.0  0.0
4  1.0  0.042105263157894736
5  1.0  0.0
6  1.0  0.0
7  1.0  0.042105263157894736
8  1.0  0.10526315789473684
9  1.0  0.12631578947368421
10  1.0  0.22105263157894736
11  1.0  0.021052631578947368
2  1.0  0.0
3  1.0  0.021052631578947368
4  1.0  0.021052631578947368
5  1.0  0.11578947368421053
6  1.0  0.052631578947368418
7  1.0  0.21052631578947367
8  1.0  0.063157894736842107
9  1.0  0.021052631578947368
10  1.0  0.17894736842105263
11  1.0  0.25263157894736843
2  1.0  0.0
3  1.0  0.010526315789473684
4  1.0  0.0
5  1.0  0.0
6  1.0  0.0
7  1.0  0.052631578947368418
8  1.0  0.021052631578947368
9  1.0  0.10526315789473684
10  1.0  0.10526315789473684
11  1.0  0.10526315789473684
2  1.0  0.0
3  1.0  0.0
4  1.0  0.0
5  1.0  0.0
6  1.0  0.052631578947368418
7  1.0  0.042105263157894736
8  1.0  0.14736842105263157
9  1.0  0.052631578947368418
10  1.0  0.021052631578947368
11  1.0  0.042105263157894736
2  1.0  0.0
3  1.0  0.031578947368421054
4  1.0  0.010526315789473684
5  1.0  0.031578947368421054
6  1.0  0.042105263157894736
7  1.0  0.042105263157894736
8  1.0  0.021052631578947368
9  1.0  0.031578947368421054
10  1.0  0.010526315789473684
11  1.0  0.063157894736842107
2  1.0  0.073684210526315783
3  1.0  0.0
4  1.0  0.052631578947368418
5  1.0  0.010526315789473684
6  1.0  0.052631578947368418
7  1.0  0.0
8  1.0  0.031578947368421054
9  1.0  0.042105263157894736
10  1.0  0.1368421052631579
11  1.0  0.094736842105263161
2  1.0  0.010526315789473684
3  1.0  0.0
4  1.0  0.073684210526315783
5  1.0  0.042105263157894736
6  1.0  0.031578947368421054
7  1.0  0.052631578947368418
8  1.0  0.042105263157894736
9  1.0  0.042105263157894736
10  1.0  0.0
11  1.0  0.0
2  1.0  0.010526315789473684
3  1.0  0.084210526315789472
4  1.0  0.0
5  1.0  0.010526315789473684
6  1.0  0.010526315789473684
7  1.0  0.021052631578947368
8  1.0  0.084210526315789472
9  1.0  0.10526315789473684
10  1.0  0.10526315789473684
11  1.0  0.021052631578947368
2  1.0  0.0
3  1.0  0.0
4  1.0  0.010526315789473684
5  1.0  0.12631578947368421
6  1.0  0.010526315789473684
7  1.0  0.042105263157894736
8  1.0  0.12631578947368421
9  1.0  0.12631578947368421
10  1.0  0.0
11  1.0  0.18947368421052632
2  1.0  0.0
3  1.0  0.0
4  1.0  0.0
5  1.0  0.031578947368421054
6  1.0  0.073684210526315783
7  1.0  0.063157894736842107
8  1.0  0.010526315789473684
9  1.0  0.073684210526315783
10  1.0  0.042105263157894736
11  1.0  0.063157894736842107
2  1.0  0.0
3  0.80000000000000004  0.0
4  1.0  0.0
5  1.0  0.0
6  1.0  0.14736842105263157
7  1.0  0.021052631578947368
8  1.0  0.0
9  1.0  0.0
10  1.0  0.1368421052631579
11  1.0  0.23157894736842105
2  0.80000000000000004  0.0
3  0.80000000000000004  0.0
4  1.0  0.010526315789473684
5  1.0  0.063157894736842107
6  1.0  0.063157894736842107
7  1.0  0.042105263157894736
8  1.0  0.052631578947368418
9  1.0  0.073684210526315783
10  1.0  0.094736842105263161
11  1.0  0.052631578947368418
2  1.0  0.0
3  1.0  0.0
4  1.0  0.0
5  1.0  0.031578947368421054
6  1.0  0.0
7  1.0  0.0
8  1.0  0.042105263157894736
9  1.0  0.010526315789473684
10  1.0  0.1368421052631579
11  1.0  0.073684210526315783
2  1.0  0.010526315789473684
3  1.0  0.010526315789473684
4  1.0  0.0
5  1.0  0.10526315789473684
6  1.0  0.042105263157894736
7  1.0  0.073684210526315783
8  1.0  0.031578947368421054
9  1.0  0.084210526315789472
10  1.0  0.10526315789473684
11  1.0  0.10526315789473684
2  1.0  0.010526315789473684
3  1.0  0.0
4  1.0  0.021052631578947368
5  1.0  0.0
6  1.0  0.021052631578947368
7  1.0  0.0
8  1.0  0.063157894736842107
9  1.0  0.042105263157894736
10  1.0  0.042105263157894736
11  1.0  0.17894736842105263
2  1.0  0.0
3  1.0  0.0
4  1.0  0.010526315789473684
5  1.0  0.052631578947368418
6  1.0  0.063157894736842107
7  1.0  0.031578947368421054
8  1.0  0.084210526315789472
9  1.0  0.094736842105263161
10  1.0  0.052631578947368418
11  1.0  0.17894736842105263
2  1.0  0.021052631578947368
3  1.0  0.021052631578947368
4  1.0  0.042105263157894736
5  1.0  0.021052631578947368
6  1.0  0.11578947368421053
7  1.0  0.22105263157894736
8  1.0  0.063157894736842107
9  1.0  0.12631578947368421
10  1.0  0.052631578947368418
11  1.0  0.11578947368421053
2  1.0  0.0
3  1.0  0.052631578947368418
4  1.0  0.063157894736842107
5  1.0  0.031578947368421054
6  1.0  0.10526315789473684
7  1.0  0.010526315789473684
8  1.0  0.042105263157894736
9  1.0  0.010526315789473684
10  1.0  0.021052631578947368
11  1.0  0.1368421052631579
2  1.0  0.0
3  1.0  0.0
4  1.0  0.042105263157894736
5  1.0  0.073684210526315783
6  1.0  0.0
7  1.0  0.094736842105263161
8  1.0  0.10526315789473684
9  1.0  0.052631578947368418
10  1.0  0.12631578947368421
11  1.0  0.010526315789473684
2  0.80000000000000004  0.0
3  1.0  0.094736842105263161
4  1.0  0.0
5  1.0  0.0
6  1.0  0.021052631578947368
7  1.0  0.0
8  1.0  0.052631578947368418
9  1.0  0.17894736842105263
10  1.0  0.0
11  1.0  0.10526315789473684
2  1.0  0.0
3  1.0  0.0
4  1.0  0.0
5  1.0  0.073684210526315783
6  1.0  0.042105263157894736
7  1.0  0.16842105263157894
8  1.0  0.0
9  1.0  0.042105263157894736
10  1.0  0.052631578947368418
11  1.0  0.094736842105263161
2  1.0  0.0
3  1.0  0.0
4  1.0  0.0
5  1.0  0.031578947368421054
6  1.0  0.11578947368421053
7  1.0  0.042105263157894736
8  1.0  0.010526315789473684
9  1.0  0.11578947368421053
10  1.0  0.073684210526315783
11  1.0  0.25263157894736843
2  1.0  0.0
3  1.0  0.0
4  1.0  0.0
5  1.0  0.052631578947368418
6  1.0  0.0
7  1.0  0.052631578947368418
8  1.0  0.031578947368421054
9  1.0  0.031578947368421054
10  1.0  0.021052631578947368
11  1.0  0.23157894736842105
2  1.0  0.0
3  1.0  0.010526315789473684
4  1.0  0.042105263157894736
5  1.0  0.073684210526315783
6  1.0  0.073684210526315783
7  1.0  0.12631578947368421
8  1.0  0.084210526315789472
9  1.0  0.14736842105263157
10  1.0  0.22105263157894736
11  1.0  0.021052631578947368
2  1.0  0.0
3  1.0  0.0
4  1.0  0.0
5  1.0  0.021052631578947368
6  1.0  0.10526315789473684
7  1.0  0.084210526315789472
8  1.0  0.094736842105263161
9  1.0  0.073684210526315783
10  1.0  0.18947368421052632
11  1.0  0.16842105263157894
2  1.0  0.010526315789473684
3  1.0  0.0
4  1.0  0.0
5  1.0  0.0
6  1.0  0.042105263157894736
7  1.0  0.010526315789473684
8  1.0  0.052631578947368418
9  1.0  0.084210526315789472
10  1.0  0.094736842105263161
11  1.0  0.11578947368421053
2  1.0  0.0
3  1.0  0.021052631578947368
4  1.0  0.021052631578947368
5  1.0  0.031578947368421054
6  1.0  0.021052631578947368
7  1.0  0.052631578947368418
8  1.0  0.031578947368421054
9  1.0  0.0
10  1.0  0.063157894736842107
11  1.0  0.14736842105263157
2  1.0  0.010526315789473684
3  1.0  0.021052631578947368
4  1.0  0.021052631578947368
5  1.0  0.021052631578947368
6  1.0  0.021052631578947368
7  1.0  0.021052631578947368
8  1.0  0.094736842105263161
9  1.0  0.21052631578947367
10  1.0  0.16842105263157894
11  1.0  0.042105263157894736
2  1.0  0.0
3  1.0  0.0
4  1.0  0.0
5  1.0  0.0
6  1.0  0.052631578947368418
7  1.0  0.10526315789473684
8  1.0  0.0
9  1.0  0.042105263157894736
10  1.0  0.16842105263157894
11  1.0  0.10526315789473684
2  1.0  0.0
3  1.0  0.010526315789473684
4  1.0  0.0
5  1.0  0.021052631578947368
6  1.0  0.021052631578947368
7  1.0  0.010526315789473684
8  1.0  0.031578947368421054
9  1.0  0.10526315789473684
10  1.0  0.11578947368421053
11  1.0  0.031578947368421054
2  1.0  0.010526315789473684
3  1.0  0.052631578947368418
4  1.0  0.010526315789473684
5  1.0  0.052631578947368418
6  1.0  0.084210526315789472
7  1.0  0.17894736842105263
8  1.0  0.10526315789473684
9  1.0  0.10526315789473684
10  1.0  0.010526315789473684
11  1.0  0.073684210526315783
2  1.0  0.010526315789473684
3  1.0  0.0
4  1.0  0.021052631578947368
5  1.0  0.063157894736842107
6  1.0  0.021052631578947368
7  1.0  0.14736842105263157
8  1.0  0.11578947368421053
9  1.0  0.10526315789473684
10  1.0  0.010526315789473684
11  1.0  0.21052631578947367
2  1.0  0.0
3  1.0  0.0
4  1.0  0.021052631578947368
5  1.0  0.010526315789473684
6  1.0  0.063157894736842107
7  1.0  0.031578947368421054
8  1.0  0.23157894736842105
9  1.0  0.11578947368421053
10  1.0  0.031578947368421054
11  1.0  0.11578947368421053
2  1.0  0.0
3  1.0  0.0
4  1.0  0.084210526315789472
5  1.0  0.021052631578947368
6  1.0  0.0
7  1.0  0.14736842105263157
8  1.0  0.12631578947368421
9  1.0  0.21052631578947367
10  1.0  0.30526315789473685
11  1.0  0.010526315789473684
2  1.0  0.0
3  1.0  0.0
4  1.0  0.042105263157894736
5  1.0  0.010526315789473684
6  1.0  0.14736842105263157
7  1.0  0.11578947368421053
8  1.0  0.0
9  1.0  0.010526315789473684
10  1.0  0.12631578947368421
11  1.0  0.29473684210526313
2  1.0  0.0
3  1.0  0.031578947368421054
4  1.0  0.021052631578947368
5  1.0  0.0
6  1.0  0.0
7  1.0  0.063157894736842107
8  1.0  0.084210526315789472
9  1.0  0.1368421052631579
10  1.0  0.12631578947368421
11  1.0  0.24210526315789474
2  1.0  0.0
3  1.0  0.052631578947368418
4  1.0  0.021052631578947368
5  1.0  0.010526315789473684
6  1.0  0.073684210526315783
7  1.0  0.010526315789473684
8  1.0  0.073684210526315783
9  1.0  0.10526315789473684
10  1.0  0.18947368421052632
11  1.0  0.052631578947368418
