0.01  0.0  0.0
0.02  0.0  0.0
0.03  1.0  0.0
0.04  0.75  0.0
0.05  1.0  0.0
0.06  0.83333333333333337  0.0
0.07  0.2857142857142857  0.0
0.08  1.0  0.0
0.09  0.55555555555555558  0.0
0.1  0.10000000000000001  0.0
0.01  0.0  0.0
0.02  1.0  0.0
0.03  1.0  0.0
0.04  0.0  0.0
0.05  0.80000000000000004  0.0
0.06  0.66666666666666663  0.0
0.07  0.71428571428571419  0.0
0.08  0.0  0.0
0.09  0.1111111111111111  0.0
0.1  0.59999999999999998  0.0
0.01  0.0  0.0
0.02  0.0  0.0
0.03  0.0  0.0
0.04  1.0  0.0
0.05  0.0  0.0
0.06  0.0  0.0
0.07  0.42857142857142849  0.0
0.08  0.5  0.0
0.09  0.0  0.0
0.1  0.10000000000000001  0.0
0.01  0.0  0.0
0.02  0.0  0.0
0.03  1.0  0.0
0.04  0.0  0.0
0.05  1.0  0.0
0.06  0.33333333333333331  0.0
0.07  0.5714285714285714  0.0
0.08  0.875  0.0
0.09  0.44444444444444442  0.0
0.1  0.40000000000000002  0.0
0.01  0.0  0.0
0.02  0.0  0.0
0.03  0.66666666666666663  0.0
0.04  0.25  0.0
0.05  1.0  0.0
0.06  0.66666666666666663  0.0
0.07  0.85714285714285698  0.0
0.08  0.625  0.0
0.09  0.0  0.0
0.1  0.80000000000000004  0.0
0.01  0.0  0.0
0.02  0.0  0.0
0.03  1.0  0.0
0.04  0.75  0.0
0.05  1.0  0.0
0.06  1.0  0.0
0.07  0.42857142857142849  0.0
0.08  0.875  0.0
0.09  0.55555555555555558  0.0
0.1  0.0  0.0
0.01  1.0  0.0
0.02  1.0  0.0
0.03  1.0  0.0
0.04  0.75  0.0
0.05  1.0  0.0
0.06  1.0  0.0
0.07  0.0  0.0
0.08  0.125  0.0
0.09  0.0  0.0
0.1  0.0  0.0
0.01  1.0  0.0
0.02  0.0  0.0
0.03  0.33333333333333331  0.0
0.04  0.25  0.0
0.05  1.0  0.0
0.06  0.5  0.0
0.07  0.85714285714285698  0.0
0.08  0.625  0.0
0.09  0.88888888888888884  0.0
0.1  0.0  0.011111111111111112
0.01  1.0  0.0
0.02  1.0  0.0
0.03  0.0  0.0
0.04  0.25  0.0
0.05  0.0  0.0
0.06  0.5  0.0
0.07  0.99999999999999989  0.0
0.08  0.0  0.0
0.09  0.88888888888888884  0.0
0.1  0.59999999999999998  0.0
0.01  1.0  0.0
0.02  1.0  0.0
0.03  0.66666666666666663  0.0
0.04  0.25  0.0
0.05  0.59999999999999998  0.0
0.06  0.66666666666666663  0.0
0.07  0.14285714285714285  0.0
0.08  0.625  0.0
0.09  0.0  0.0
0.1  1.0  0.0
0.01  1.0  0.0
0.02  0.0  0.0
0.03  1.0  0.0
0.04  0.0  0.0
0.05  0.0  0.0
0.06  1.0  0.0
0.07  0.85714285714285698  0.0
0.08  0.0  0.0
0.09  0.55555555555555558  0.0
0.1  0.0  0.0
0.01  1.0  0.0
0.02  0.5  0.0
0.03  0.0  0.0
0.04  0.75  0.0
0.05  1.0  0.0
0.06  0.16666666666666666  0.0
0.07  0.85714285714285698  0.0
0.08  1.0  0.0
0.09  0.55555555555555558  0.0
0.1  0.90000000000000002  0.0
0.01  1.0  0.0
0.02  0.0  0.0
0.03  0.66666666666666663  0.0
0.04  0.0  0.0
0.05  0.59999999999999998  0.0
0.06  0.16666666666666666  0.0
0.07  0.0  0.0
0.08  0.0  0.0
0.09  0.0  0.0
0.1  0.59999999999999998  0.0
0.01  0.0  0.0
0.02  0.5  0.0
0.03  0.66666666666666663  0.0
0.04  0.75  0.0
0.05  0.0  0.0
0.06  0.0  0.0
0.07  0.85714285714285698  0.0
0.08  0.0  0.0
0.09  0.44444444444444442  0.0
0.1  0.0  0.0
0.01  0.0  0.0
0.02  0.5  0.0
0.03  0.0  0.0
0.04  1.0  0.0
0.05  0.40000000000000002  0.0
0.06  0.0  0.0
0.07  0.99999999999999989  0.0
0.08  0.625  0.0
0.09  0.66666666666666663  0.0
0.1  0.10000000000000001  0.0
0.01  1.0  0.0
0.02  1.0  0.0
0.03  0.66666666666666663  0.0
0.04  0.0  0.0
0.05  0.0  0.0
0.06  0.0  0.0
0.07  0.99999999999999989  0.0
0.08  0.75  0.0
0.09  0.0  0.0
0.1  0.0  0.0
0.01  0.0  0.0
0.02  0.5  0.0
0.03  1.0  0.0
0.04  0.0  0.0
0.05  0.80000000000000004  0.0
0.06  0.83333333333333337  0.0
0.07  0.0  0.0
0.08  0.375  0.0
0.09  0.0  0.0
0.1  0.0  0.0
0.01  0.0  0.0
0.02  1.0  0.0
0.03  0.66666666666666663  0.0
0.04  0.25  0.0
0.05  0.0  0.0
0.06  0.0  0.0
0.07  0.0  0.0
0.08  0.125  0.0
0.09  1.0  0.0
0.1  0.80000000000000004  0.0
0.01  0.0  0.0
0.02  1.0  0.0
0.03  0.0  0.0
0.04  0.25  0.0
0.05  0.40000000000000002  0.0
0.06  0.33333333333333331  0.0
0.07  0.5714285714285714  0.0
0.08  1.0  0.0
0.09  0.33333333333333331  0.0
0.1  0.80000000000000004  0.0
0.01  0.0  0.0
0.02  0.0  0.0
0.03  0.0  0.0
0.04  0.0  0.0
0.05  0.80000000000000004  0.0
0.06  0.16666666666666666  0.0
0.07  0.5714285714285714  0.0
0.08  0.125  0.0
0.09  0.77777777777777779  0.0
0.1  0.10000000000000001  0.0
0.01  0.0  0.0
0.02  0.5  0.0
0.03  0.33333333333333331  0.0
0.04  0.75  0.0
0.05  0.40000000000000002  0.0
0.06  0.83333333333333337  0.0
0.07  0.42857142857142849  0.0
0.08  0.625  0.0
0.09  0.88888888888888884  0.0
0.1  0.69999999999999996  0.0
0.01  0.0  0.0
0.02  0.0  0.0
0.03  0.0  0.0
0.04  0.75  0.0
0.05  0.80000000000000004  0.0
0.06  0.0  0.0
0.07  0.0  0.0
0.08  0.0  0.0
0.09  0.77777777777777779  0.0
0.1  0.5  0.0
0.01  0.0  0.0
0.02  0.0  0.0
0.03  0.33333333333333331  0.0
0.04  0.75  0.0
0.05  0.0  0.0
0.06  0.0  0.0
0.07  0.42857142857142849  0.0
0.08  0.625  0.0
0.09  0.0  0.0
0.1  0.0  0.0
0.01  0.0  0.0
0.02  0.0  0.0
0.03  0.33333333333333331  0.0
0.04  0.5  0.0
0.05  1.0  0.0
0.06  0.33333333333333331  0.0
0.07  0.85714285714285698  0.0
0.08  0.125  0.0
0.09  0.1111111111111111  0.0
0.1  0.90000000000000002  0.0
0.01  0.0  0.0
0.02  0.0  0.0
0.03  0.0  0.0
0.04  0.75  0.0
0.05  0.59999999999999998  0.0
0.06  1.0  0.0
0.07  0.71428571428571419  0.0
0.08  0.0  0.0
0.09  0.77777777777777779  0.01098901098901099
0.1  0.80000000000000004  0.0
0.01  0.0  0.0
0.02  1.0  0.0
0.03  0.66666666666666663  0.0
0.04  0.75  0.0
0.05  0.0  0.0
0.06  0.0  0.0
0.07  0.71428571428571419  0.0
0.08  0.0  0.0
0.09  0.1111111111111111  0.0
0.1  0.5  0.0
0.01  0.0  0.0
0.02  0.0  0.0
0.03  0.33333333333333331  0.0
0.04  0.5  0.0
0.05  1.0  0.0
0.06  1.0  0.0
0.07  0.2857142857142857  0.0
0.08  0.125  0.0
0.09  0.0  0.0
0.1  0.90000000000000002  0.0
0.01  1.0  0.0
0.02  0.0  0.0
0.03  0.0  0.0
0.04  0.0  0.0
0.05  1.0  0.0
0.06  0.16666666666666666  0.0
0.07  0.5714285714285714  0.0
0.08  0.0  0.0
0.09  1.0  0.0
0.1  0.29999999999999999  0.0
0.01  1.0  0.0
0.02  0.0  0.0
0.03  0.66666666666666663  0.0
0.04  1.0  0.0
0.05  0.0  0.0
0.06  0.16666666666666666  0.0
0.07  0.71428571428571419  0.0
0.08  0.0  0.0
0.09  0.77777777777777779  0.0
0.1  0.59999999999999998  0.0
0.01  1.0  0.0
0.02  1.0  0.0
0.03  0.66666666666666663  0.0
0.04  1.0  0.0
0.05  0.80000000000000004  0.0
0.06  0.33333333333333331  0.0
0.07  0.71428571428571419  0.0
0.08  0.0  0.0
0.09  0.66666666666666663  0.0
0.1  0.80000000000000004  0.0
0.01  0.0  0.0
0.02  0.0  0.0
0.03  0.0  0.0
0.04  1.0  0.0
0.05  0.80000000000000004  0.0
0.06  0.0  0.0
0.07  0.5714285714285714  0.0
0.08  0.25  0.0
0.09  0.22222222222222221  0.0
0.1  0.0  0.0
0.01  0.0  0.0
0.02  0.0  0.0
0.03  0.33333333333333331  0.0
0.04  0.25  0.0
0.05  0.59999999999999998  0.0
0.06  0.66666666666666663  0.0
0.07  0.5714285714285714  0.0
0.08  0.0  0.0
0.09  0.55555555555555558  0.0
0.1  0.69999999999999996  0.0
0.01  0.0  0.0
0.02  1.0  0.0
0.03  0.0  0.0
0.04  0.75  0.0
0.05  0.20000000000000001  0.0
0.06  0.5  0.0
0.07  0.0  0.0
0.08  0.25  0.0
0.09  1.0  0.01098901098901099
0.1  0.69999999999999996  0.0
0.01  1.0  0.0
0.02  0.0  0.0
0.03  0.33333333333333331  0.0
0.04  0.5  0.0
0.05  1.0  0.0
0.06  1.0  0.0
0.07  0.14285714285714285  0.0
0.08  0.0  0.0
0.09  1.0  0.0
0.1  0.80000000000000004  0.0
0.01  0.0  0.0
0.02  0.0  0.0
0.03  1.0  0.0
0.04  0.75  0.0
0.05  0.80000000000000004  0.0
0.06  0.83333333333333337  0.0
0.07  0.99999999999999989  0.0
0.08  0.625  0.0
0.09  0.0  0.0
0.1  0.40000000000000002  0.0
0.01  0.0  0.0
0.02  0.0  0.0
0.03  0.0  0.0
0.04  0.0  0.0
0.05  0.0  0.0
0.06  0.0  0.0
0.07  0.5714285714285714  0.0
0.08  1.0  0.0
0.09  0.22222222222222221  0.0
0.1  0.0  0.0
0.01  0.0  0.0
0.02  0.0  0.0
0.03  0.66666666666666663  0.0
0.04  0.25  0.0
0.05  0.0  0.0
0.06  0.5  0.0
0.07  0.0  0.0
0.08  0.0  0.0
0.09  0.1111111111111111  0.0
0.1  0.40000000000000002  0.0
0.01  0.0  0.0
0.02  0.5  0.0
0.03  0.33333333333333331  0.0
0.04  0.5  0.0
0.05  0.0  0.0
0.06  0.83333333333333337  0.0
0.07  0.5714285714285714  0.0
0.08  0.0  0.0
0.09  0.55555555555555558  0.0
0.1  0.80000000000000004  0.0
0.01  1.0  0.0
0.02  0.0  0.0
0.03  1.0  0.0
0.04  0.75  0.0
0.05  0.0  0.0
0.06  1.0  0.0
0.07  0.42857142857142849  0.0
0.08  0.5  0.0
0.09  0.88888888888888884  0.0
0.1  0.69999999999999996  0.0
0.01  1.0  0.0
0.02  1.0  0.0
0.03  1.0  0.0
0.04  0.25  0.0
0.05  0.0  0.0
0.06  0.0  0.0
0.07  0.99999999999999989  0.0
0.08  0.0  0.0
0.09  0.0  0.0
0.1  0.5  0.0
0.01  1.0  0.0
0.02  0.0  0.0
0.03  0.66666666666666663  0.0
0.04  0.5  0.0
0.05  0.40000000000000002  0.0
0.06  0.83333333333333337  0.010638297872340425
0.07  0.0  0.0
0.08  0.125  0.0
0.09  0.0  0.0
0.1  0.0  0.0
0.01  1.0  0.0
0.02  0.0  0.0
0.03  1.0  0.0
0.04  0.0  0.0
0.05  0.0  0.0
0.06  0.66666666666666663  0.0
0.07  0.0  0.0
0.08  0.375  0.0
0.09  0.0  0.0
0.1  0.80000000000000004  0.0
0.01  1.0  0.0
0.02  0.0  0.0
0.03  0.0  0.0
0.04  0.5  0.0
0.05  0.0  0.0
0.06  0.0  0.0
0.07  0.42857142857142849  0.0
0.08  0.625  0.0
0.09  0.22222222222222221  0.0
0.1  0.10000000000000001  0.0
0.01  0.0  0.0
0.02  0.0  0.0
0.03  1.0  0.0
0.04  0.25  0.0
0.05  0.20000000000000001  0.0
0.06  0.0  0.0
0.07  0.5714285714285714  0.0
0.08  0.375  0.0
0.09  0.0  0.0
0.1  0.80000000000000004  0.0
0.01  0.0  0.0
0.02  1.0  0.0
0.03  1.0  0.0
0.04  0.75  0.0
0.05  0.80000000000000004  0.0
0.06  0.83333333333333337  0.0
0.07  0.42857142857142849  0.0
0.08  0.625  0.0
0.09  0.0  0.0
0.1  1.0  0.0
0.01  1.0  0.0
0.02  0.0  0.0
0.03  0.66666666666666663  0.0
0.04  0.75  0.0
0.05  0.0  0.0
0.06  0.66666666666666663  0.0
0.07  0.99999999999999989  0.0
0.08  0.75  0.0
0.09  0.0  0.0
0.1  0.80000000000000004  0.0
0.01  0.0  0.0
0.02  1.0  0.0
0.03  0.33333333333333331  0.0
0.04  0.5  0.0
0.05  0.80000000000000004  0.0
0.06  0.0  0.0
0.07  0.0  0.0
0.08  0.875  0.0
0.09  0.0  0.0
0.1  0.10000000000000001  0.0
0.01  1.0  0.0
0.02  0.0  0.0
0.03  0.0  0.0
0.04  0.75  0.0
0.05  1.0  0.0
0.06  0.83333333333333337  0.0
0.07  0.14285714285714285  0.0
0.08  0.0  0.0
0.09  0.88888888888888884  0.0
0.1  1.0  0.0
0.01  0.0  0.0
0.02  1.0  0.0
0.03  0.0  0.0
0.04  0.0  0.0
0.05  0.0  0.0
0.06  0.66666666666666663  0.0
0.07  0.0  0.0
0.08  0.0  0.0
0.09  0.88888888888888884  0.0
0.1  1.0  0.0
0.01  1.0  0.0
0.02  0.5  0.0
0.03  0.0  0.0
0.04  0.25  0.0
0.05  1.0  0.0
0.06  0.5  0.0
0.07  0.0  0.0
0.08  0.375  0.0
0.09  0.88888888888888884  0.0
0.1  0.20000000000000001  0.0
0.01  0.0  0.0
0.02  0.0  0.0
0.03  0.66666666666666663  0.0
0.04  0.25  0.0
0.05  0.0  0.0
0.06  0.0  0.0
0.07  0.99999999999999989  0.0
0.08  0.0  0.0
0.09  0.1111111111111111  0.0
0.1  0.0  0.0
0.01  0.0  0.0
0.02  0.5  0.0
0.03  1.0  0.0
0.04  0.0  0.0
0.05  0.0  0.0
0.06  0.83333333333333337  0.0
0.07  0.5714285714285714  0.0
0.08  0.0  0.0
0.09  0.55555555555555558  0.0
0.1  0.69999999999999996  0.0
0.01  1.0  0.0
0.02  0.0  0.0
0.03  0.0  0.0
0.04  0.0  0.0
0.05  0.0  0.0
0.06  0.16666666666666666  0.0
0.07  0.85714285714285698  0.0
0.08  0.875  0.0
0.09  0.77777777777777779  0.0
0.1  0.20000000000000001  0.0
0.01  1.0  0.0
0.02  1.0  0.0
0.03  0.33333333333333331  0.0
0.04  0.0  0.0
0.05  0.0  0.0
0.06  0.0  0.0
0.07  0.85714285714285698  0.0
0.08  0.25  0.0
0.09  0.88888888888888884  0.0
0.1  0.80000000000000004  0.0
0.01  1.0  0.0
0.02  0.5  0.0
0.03  0.0  0.0
0.04  0.0  0.0
0.05  0.20000000000000001  0.010526315789473684
0.06  0.83333333333333337  0.0
0.07  0.85714285714285698  0.0
0.08  0.5  0.0
0.09  0.0  0.0
0.1  0.0  0.0
0.01  0.0  0.0
0.02  1.0  0.0
0.03  0.33333333333333331  0.0
0.04  1.0  0.0
0.05  0.59999999999999998  0.0
0.06  0.0  0.0
0.07  0.0  0.0
0.08  0.0  0.0
0.09  0.0  0.0
0.1  0.29999999999999999  0.0
0.01  0.0  0.0
0.02  0.5  0.0
0.03  0.33333333333333331  0.0
0.04  0.0  0.0
0.05  0.59999999999999998  0.0
0.06  0.5  0.0
0.07  0.0  0.0
0.08  0.0  0.0
0.09  0.0  0.0
0.1  0.69999999999999996  0.0
0.01  0.0  0.0
0.02  1.0  0.0
0.03  0.0  0.0
0.04  0.0  0.0
0.05  1.0  0.0
0.06  1.0  0.0
0.07  0.0  0.0
0.08  1.0  0.0
0.09  0.66666666666666663  0.0
0.1  0.20000000000000001  0.0
0.01  0.0  0.0
0.02  0.5  0.0
0.03  0.0  0.0
0.04  0.0  0.0
0.05  0.80000000000000004  0.0
0.06  0.16666666666666666  0.0
0.07  0.2857142857142857  0.0
0.08  0.25  0.0
0.09  0.33333333333333331  0.0
0.1  0.0  0.0
0.01  1.0  0.0
0.02  1.0  0.0
0.03  0.0  0.0
0.04  0.0  0.0
0.05  0.20000000000000001  0.0
0.06  0.66666666666666663  0.0
0.07  0.85714285714285698  0.0
0.08  0.625  0.0
0.09  1.0  0.0
0.1  0.0  0.0
0.01  1.0  0.0
0.02  0.5  0.0
0.03  1.0  0.0
0.04  0.75  0.0
0.05  0.80000000000000004  0.0
0.06  0.0  0.0
0.07  0.5714285714285714  0.0
0.08  0.625  0.0
0.09  0.55555555555555558  0.0
0.1  0.0  0.0
0.01  0.0  0.0
0.02  0.0  0.0
0.03  0.0  0.0
0.04  0.0  0.0
0.05  0.0  0.0
0.06  0.0  0.0
0.07  0.42857142857142849  0.0
0.08  0.625  0.0
0.09  0.66666666666666663  0.0
0.1  0.5  0.0
0.01  0.0  0.010101010101010102
0.02  0.5  0.0
0.03  1.0  0.0
0.04  0.0  0.0
0.05  0.80000000000000004  0.0
0.06  0.0  0.0
0.07  0.0  0.0
0.08  0.0  0.0
0.09  0.0  0.0
0.1  0.0  0.0
0.01  0.0  0.0
0.02  1.0  0.0
0.03  0.33333333333333331  0.0
0.04  0.0  0.0
0.05  0.0  0.0
0.06  1.0  0.0
0.07  0.5714285714285714  0.0
0.08  0.875  0.0
0.09  1.0  0.0
0.1  0.10000000000000001  0.0
0.01  1.0  0.0
0.02  1.0  0.0
0.03  0.66666666666666663  0.0
0.04  0.0  0.0
0.05  0.20000000000000001  0.0
0.06  0.0  0.0
0.07  0.14285714285714285  0.0
0.08  0.125  0.0
0.09  0.55555555555555558  0.0
0.1  0.59999999999999998  0.0
0.01  0.0  0.0
0.02  1.0  0.0
0.03  0.0  0.0
0.04  1.0  0.0
0.05  1.0  0.0
0.06  0.0  0.0
0.07  0.0  0.0
0.08  1.0  0.0
0.09  0.0  0.0
0.1  0.0  0.0
0.01  0.0  0.0
0.02  0.5  0.0
0.03  1.0  0.0
0.04  0.75  0.0
0.05  0.0  0.0
0.06  0.66666666666666663  0.0
0.07  0.42857142857142849  0.0
0.08  0.25  0.0
0.09  0.0  0.0
0.1  0.20000000000000001  0.0
0.01  0.0  0.0
0.02  0.0  0.0
0.03  1.0  0.0
0.04  1.0  0.0
0.05  0.59999999999999998  0.0
0.06  0.66666666666666663  0.0
0.07  0.85714285714285698  0.0
0.08  0.0  0.0
0.09  0.22222222222222221  0.0
0.1  0.10000000000000001  0.0
0.01  1.0  0.0
0.02  0.0  0.0
0.03  0.33333333333333331  0.0
0.04  0.0  0.0
0.05  0.0  0.0
0.06  0.0  0.0
0.07  0.0  0.0
0.08  0.5  0.0
0.09  0.33333333333333331  0.0
0.1  0.5  0.0
0.01  0.0  0.0
0.02  1.0  0.0
0.03  0.0  0.0
0.04  0.75  0.0
0.05  0.0  0.0
0.06  0.0  0.0
0.07  0.14285714285714285  0.0
0.08  1.0  0.0
0.09  0.1111111111111111  0.0
0.1  0.59999999999999998  0.0
0.01  0.0  0.0
0.02  1.0  0.0
0.03  1.0  0.0
0.04  0.75  0.0
0.05  0.80000000000000004  0.0
0.06  0.66666666666666663  0.0
0.07  0.99999999999999989  0.0
0.08  0.0  0.0
0.09  0.55555555555555558  0.0
0.1  0.90000000000000002  0.0
0.01  0.0  0.0
0.02  0.0  0.0
0.03  0.66666666666666663  0.0
0.04  1.0  0.0
0.05  0.0  0.0
0.06  0.0  0.0
0.07  0.71428571428571419  0.0
0.08  0.0  0.0
0.09  0.0  0.0
0.1  0.0  0.0
0.01  0.0  0.0
0.02  0.5  0.0
0.03  0.33333333333333331  0.0
0.04  0.0  0.010416666666666666
0.05  1.0  0.0
0.06  0.33333333333333331  0.0
0.07  0.5714285714285714  0.0
0.08  0.75  0.0
0.09  0.55555555555555558  0.0
0.1  0.90000000000000002  0.0
0.01  1.0  0.0
0.02  0.5  0.0
0.03  0.66666666666666663  0.0
0.04  0.5  0.0
0.05  0.0  0.0
0.06  0.0  0.0
0.07  0.99999999999999989  0.0
0.08  0.875  0.0
0.09  0.1111111111111111  0.0
0.1  0.59999999999999998  0.0
0.01  0.0  0.0
0.02  0.5  0.0
0.03  0.0  0.0
0.04  0.0  0.0
0.05  1.0  0.0
0.06  0.16666666666666666  0.0
0.07  0.0  0.0
0.08  0.0  0.0
0.09  0.66666666666666663  0.0
0.1  0.10000000000000001  0.0
0.01  1.0  0.0
0.02  0.0  0.0
0.03  0.0  0.0
0.04  0.75  0.0
0.05  0.20000000000000001  0.0
0.06  0.0  0.0
0.07  0.0  0.0
0.08  0.875  0.0
0.09  0.88888888888888884  0.0
0.1  0.90000000000000002  0.0
0.01  1.0  0.0
0.02  0.5  0.0
0.03  0.0  0.0
0.04  0.75  0.0
0.05  0.0  0.0
0.06  0.66666666666666663  0.0
0.07  0.0  0.0
0.08  0.125  0.0
0.09  0.0  0.0
0.1  0.90000000000000002  0.0
0.01  0.0  0.0
0.02  0.0  0.0
0.03  0.66666666666666663  0.0
0.04  0.25  0.0
0.05  0.0  0.0
0.06  0.0  0.0
0.07  0.5714285714285714  0.0
0.08  0.5  0.0
0.09  1.0  0.0
0.1  0.5  0.0
0.01  0.0  0.0
0.02  0.5  0.0
0.03  0.66666666666666663  0.0
0.04  1.0  0.0
0.05  0.0  0.0
0.06  0.5  0.0
0.07  0.0  0.0
0.08  0.0  0.010869565217391304
0.09  0.0  0.0
0.1  0.0  0.0
0.01  0.0  0.0
0.02  1.0  0.0
0.03  0.0  0.0
0.04  0.0  0.0
0.05  0.59999999999999998  0.0
0.06  1.0  0.0
0.07  0.2857142857142857  0.0
0.08  0.75  0.0
0.09  0.0  0.0
0.1  0.10000000000000001  0.0
0.01  0.0  0.0
0.02  1.0  0.0
0.03  0.0  0.0
0.04  0.0  0.0
0.05  0.0  0.0
0.06  1.0  0.0
0.07  0.0  0.0
0.08  0.0  0.0
0.09  0.88888888888888884  0.0
0.1  0.0  0.0
0.01  1.0  0.0
0.02  0.0  0.0
0.03  0.0  0.0
0.04  1.0  0.0
0.05  0.0  0.0
0.06  0.5  0.0
0.07  0.0  0.0
0.08  0.125  0.0
0.09  0.0  0.0
0.1  0.69999999999999996  0.0
0.01  0.0  0.0
0.02  0.0  0.0
0.03  0.0  0.0
0.04  0.75  0.0
0.05  0.20000000000000001  0.0
0.06  0.5  0.0
0.07  0.0  0.0
0.08  0.125  0.0
0.09  0.0  0.0
0.1  0.90000000000000002  0.0
0.01  0.0  0.0
0.02  1.0  0.0
0.03  1.0  0.0
0.04  0.75  0.0
0.05  0.80000000000000004  0.0
0.06  0.5  0.0
0.07  0.85714285714285698  0.0
0.08  0.0  0.0
0.09  0.0  0.02197802197802198
0.1  0.69999999999999996  0.0
0.01  1.0  0.0
0.02  0.0  0.0
0.03  0.33333333333333331  0.0
0.04  1.0  0.0
0.05  0.59999999999999998  0.0
0.06  0.33333333333333331  0.0
0.07  0.0  0.0
0.08  0.5  0.0
0.09  0.0  0.0
0.1  0.10000000000000001  0.0
0.01  0.0  0.0
0.02  0.0  0.0
0.03  0.66666666666666663  0.0
0.04  0.0  0.0
0.05  0.0  0.0
0.06  0.66666666666666663  0.0
0.07  0.71428571428571419  0.0
0.08  0.75  0.0
0.09  0.1111111111111111  0.0
0.1  0.69999999999999996  0.0
0.01  1.0  0.0
0.02  1.0  0.0
0.03  0.33333333333333331  0.0
0.04  0.0  0.0
0.05  1.0  0.0
0.06  0.0  0.0
0.07  0.5714285714285714  0.0
0.08  0.75  0.0
0.09  0.1111111111111111  0.0
0.1  0.0  0.0
0.01  0.0  0.0
0.02  0.0  0.0
0.03  0.0  0.0
0.04  0.75  0.0
0.05  0.0  0.0
0.06  0.83333333333333337  0.0
0.07  0.99999999999999989  0.0
0.08  0.875  0.0
0.09  1.0  0.0
0.1  0.20000000000000001  0.0
0.01  0.0  0.0
0.02  1.0  0.0
0.03  1.0  0.0
0.04  0.0  0.0
0.05  0.40000000000000002  0.0
0.06  0.66666666666666663  0.0
0.07  0.0  0.0
0.08  0.125  0.0
0.09  1.0  0.0
0.1  0.10000000000000001  0.0
0.01  0.0  0.0
0.02  0.0  0.0
0.03  0.0  0.0
0.04  0.75  0.0
0.05  0.0  0.0
0.06  0.5  0.0
0.07  0.85714285714285698  0.0
0.08  0.625  0.0
0.09  0.77777777777777779  0.0
0.1  0.0  0.0
0.01  1.0  0.0
0.02  0.5  0.0
0.03  0.0  0.0
0.04  1.0  0.0
0.05  0.0  0.0
0.06  0.16666666666666666  0.0
0.07  0.0  0.0
0.08  0.5  0.0
0.09  0.55555555555555558  0.0
0.1  0.0  0.0
0.01  1.0  0.0
0.02  1.0  0.01020408163265306
0.03  1.0  0.0
0.04  0.0  0.0
0.05  1.0  0.0
0.06  0.83333333333333337  0.0
0.07  0.85714285714285698  0.0
0.08  1.0  0.0
0.09  0.77777777777777779  0.0
0.1  0.29999999999999999  0.0
0.01  0.0  0.0
0.02  0.5  0.0
0.03  0.33333333333333331  0.0
0.04  1.0  0.0
0.05  1.0  0.0
0.06  0.66666666666666663  0.0
0.07  0.0  0.0
0.08  0.5  0.0
0.09  0.1111111111111111  0.0
0.1  0.0  0.0
0.01  1.0  0.0
0.02  0.0  0.0
0.03  0.66666666666666663  0.0
0.04  0.75  0.0
0.05  0.80000000000000004  0.0
0.06  0.5  0.0
0.07  0.85714285714285698  0.0
0.08  1.0  0.0
0.09  0.66666666666666663  0.0
0.1  0.80000000000000004  0.0
0.01  1.0  0.0
0.02  0.0  0.0
0.03  0.33333333333333331  0.0
0.04  0.5  0.0
0.05  0.0  0.0
0.06  0.83333333333333337  0.0
0.07  0.0  0.0
0.08  0.875  0.0
0.09  0.0  0.0
0.1  0.40000000000000002  0.0
0.01  0.0  0.0
0.02  0.5  0.0
0.03  0.33333333333333331  0.0
0.04  0.0  0.0
0.05  0.0  0.0
0.06  0.0  0.0
0.07  0.0  0.0
0.08  0.25  0.0
0.09  0.55555555555555558  0.0
0.1  0.20000000000000001  0.0
0.01  1.0  0.0
0.02  1.0  0.0
0.03  0.0  0.0
0.04  1.0  0.0
0.05  0.20000000000000001  0.0
0.06  0.0  0.0
0.07  0.99999999999999989  0.0
0.08  0.5  0.0
0.09  0.44444444444444442  0.0
0.1  0.10000000000000001  0.0
0.01  0.0  0.0
0.02  1.0  0.0
0.03  0.66666666666666663  0.0
0.04  0.0  0.0
0.05  0.0  0.0
0.06  0.66666666666666663  0.0
0.07  0.0  0.0
0.08  0.0  0.0
0.09  0.88888888888888884  0.0
0.1  0.69999999999999996  0.0
0.01  0.0  0.0
0.02  0.5  0.0
0.03  1.0  0.0
0.04  0.5  0.0
0.05  0.0  0.0
0.06  0.0  0.0
0.07  0.0  0.0
0.08  0.0  0.0
0.09  0.22222222222222221  0.0
0.1  0.10000000000000001  0.0
0.01  0.0  0.0
0.02  1.0  0.0
0.03  1.0  0.0
0.04  0.5  0.0
0.05  1.0  0.0
0.06  0.0  0.0
0.07  0.14285714285714285  0.0
0.08  1.0  0.0
0.09  0.44444444444444442  0.0
0.1  0.10000000000000001  0.0
