2  0.96999999999999997  0.00010526315789473685
3  0.998  0.00063157894736842106
4  1.0  0.00084210526315789478
5  1.0  0.0
6  1.0  0.0
2  0.97399999999999998  0.0
3  0.99399999999999999  0.0005263157894736842
4  1.0  0.0
5  1.0  0.00042105263157894739
6  1.0  0.00010526315789473685
2  0.96999999999999997  0.0
3  1.0  0.0
4  1.0  0.00042105263157894739
5  1.0  0.0
6  1.0  0.0
2  0.98399999999999999  0.0
3  0.99199999999999999  0.0013684210526315789
4  1.0  0.00073684210526315792
5  1.0  0.0
6  1.0  0.0
2  0.96799999999999997  0.0
3  0.99399999999999999  0.00010526315789473685
4  1.0  0.0023157894736842107
5  1.0  0.0014736842105263158
6  1.0  0.00031578947368421053
2  0.96799999999999997  0.0
3  0.998  0.0012631578947368421
4  1.0  0.00010526315789473685
5  1.0  0.0010526315789473684
6  1.0  0.0010526315789473684
2  0.97199999999999998  0.0
3  0.99399999999999999  0.0
4  0.998  0.0
5  1.0  0.00031578947368421053
6  1.0  0.0
2  0.98399999999999999  0.0025263157894736842
3  0.99399999999999999  0.00010526315789473685
4  1.0  0.00010526315789473685
5  1.0  0.00042105263157894739
6  1.0  0.0016842105263157896
2  0.98399999999999999  0.0
3  1.0  0.00031578947368421053
4  1.0  0.0
5  1.0  0.0011578947368421054
6  1.0  0.0013684210526315789
2  0.96199999999999997  0.0
3  0.996  0.0
4  1.0  0.0025263157894736842
5  1.0  0.0002105263157894737
6  1.0  0.0023157894736842107
