2  0.20000000000000001  0.0
3  0.20000000000000001  0.0
4  0.20000000000000001  0.0011578947368421054
5  0.20000000000000001  0.0
6  0.20000000000000001  2.1052631578947369e-05
2  0.20000000000000001  0.00098947368421052639
3  0.20000000000000001  0.0005263157894736842
4  0.20000000000000001  0.0
5  0.20000000000000001  0.00088421052631578953
6  0.20000000000000001  0.00027368421052631579
2  0.20000000000000001  0.0
3  0.20000000000000001  0.0
4  0.20000000000000001  2.1052631578947369e-05
5  0.20000000000000001  0.0
6  0.20000000000000001  0.0016842105263157896
2  0.20000000000000001  0.0
3  0.20000000000000001  4.2105263157894738e-05
4  0.20000000000000001  0.0
5  0.20000000000000001  2.1052631578947369e-05
6  0.20000000000000001  0.0019157894736842106
2  0.20000000000000001  0.0
3  0.20000000000000001  0.00063157894736842106
4  0.20000000000000001  4.2105263157894738e-05
5  0.20000000000000001  0.00025263157894736841
6  0.20000000000000001  0.0
2  0.20000000000000001  0.0010315789473684211
3  0.20000000000000001  0.0
4  0.20000000000000001  0.0017263157894736843
5  0.20000000000000001  0.00071578947368421055
6  0.20000000000000001  0.0019789473684210528
2  0.20000000000000001  0.0
3  0.20000000000000001  0.00016842105263157895
4  0.20000000000000001  0.00063157894736842106
5  0.20000000000000001  0.00025263157894736841
6  0.20000000000000001  0.0005263157894736842
2  0.20000000000000001  0.0
3  0.20000000000000001  0.0
4  0.20000000000000001  4.2105263157894738e-05
5  0.20000000000000001  2.1052631578947369e-05
6  0.20000000000000001  0.00027368421052631579
2  0.20000000000000001  0.0
3  0.20000000000000001  0.0015368421052631579
4  0.20000000000000001  0.0
5  0.20000000000000001  0.00084210526315789478
6  0.20000000000000001  0.00025263157894736841
2  0.20000000000000001  0.0
3  0.20000000000000001  0.0012631578947368421
4  0.20000000000000001  0.0016631578947368421
5  0.20000000000000001  0.00048421052631578945
6  0.20000000000000001  2.1052631578947369e-05
