2  1.0  0.0
2  1.0  0.0
2  0.80000000000000004  0.0
2  1.0  0.0
2  1.0  0.0
2  1.0  0.0
2  1.0  0.0
2  1.0  0.0
2  1.0  0.0
2  1.0  0.0
2  1.0  0.0
2  1.0  0.0
2  1.0  0.0
2  1.0  0.0
2  1.0  0.0
2  1.0  0.0
2  1.0  0.0
2  1.0  0.0
2  1.0  0.0
2  1.0  0.0
2  1.0  0.0
2  1.0  0.0
2  1.0  0.0
2  1.0  0.0
2  1.0  0.0
2  1.0  0.0
2  1.0  0.0
2  1.0  0.0
2  1.0  0.0
2  1.0  0.0
2  1.0  0.0
2  1.0  0.0
2  1.0  0.0
2  1.0  0.0
2  1.0  0.0
2  1.0  0.0
2  1.0  0.0
2  1.0  0.0
2  1.0  0.0
2  1.0  0.0
2  1.0  0.0
2  1.0  0.0
2  1.0  0.0
2  1.0  0.0
2  1.0  0.0
2  1.0  0.0
2  1.0  0.0
2  1.0  0.0
2  1.0  0.0
2  1.0  0.0
2  1.0  0.0
2  1.0  0.0
2  0.80000000000000004  0.0
2  1.0  0.0
2  1.0  0.0
2  1.0  0.0
2  1.0  0.0
2  1.0  0.0
2  0.80000000000000004  0.0
2  1.0  0.0
2  1.0  0.0
2  1.0  0.0
2  1.0  0.0
2  0.80000000000000004  0.0
2  1.0  0.0
2  1.0  0.0
2  1.0  0.0
2  1.0  0.0
2  1.0  0.0
2  1.0  0.0
2  1.0  0.0
2  1.0  0.0
2  1.0  0.0
2  1.0  0.0
2  1.0  0.0
2  1.0  0.0
2  1.0  0.0
2  1.0  0.0
2  1.0  0.0
2  0.80000000000000004  0.0
2  1.0  0.0
2  0.80000000000000004  0.0
2  1.0  0.0
2  1.0  0.0
2  1.0  0.0
2  1.0  0.0
2  1.0  0.0
2  1.0  0.0
2  1.0  0.0
2  1.0  0.0
2  1.0  0.0
2  0.80000000000000004  0.0
2  1.0  0.0
2  1.0  0.0
2  1.0  0.0
2  1.0  0.0
2  1.0  0.0
2  1.0  0.0
2  0.80000000000000004  0.0
2  1.0  0.0
