2  1.0  0.0
3  0.0  0.0
4  1.0  0.0
5  0.0  0.0
6  1.0  0.0
2  0.0  0.0
3  0.0  0.0
4  1.0  0.0
5  0.0  0.0
6  1.0  0.0
2  1.0  0.0
3  0.0  0.0
4  1.0  0.0
5  1.0  0.0
6  1.0  0.0
2  0.0  0.0
3  0.0  0.0
4  1.0  0.0
5  1.0  0.0
6  1.0  0.0
2  0.0  0.0
3  0.0  0.0
4  0.0  0.0
5  0.0  0.0
6  1.0  0.0
2  1.0  0.0
3  0.0  0.0
4  0.0  0.0
5  1.0  0.0
6  1.0  0.0
2  0.0  0.0
3  0.0  0.0
4  1.0  0.0
5  1.0  0.0
6  1.0  0.0
2  1.0  0.0
3  1.0  0.0
4  0.0  0.0
5  0.0  0.0
6  1.0  0.0
2  0.0  0.0
3  0.0  0.0
4  1.0  0.0
5  1.0  0.0
6  1.0  0.0
2  1.0  0.0
3  1.0  0.0
4  0.0  0.0
5  0.0  0.0
6  1.0  0.0
2  0.0  0.0
3  0.0  0.0
4  0.63800000000000001  0.0
5  1.0  0.0
6  0.0  0.0
2  0.0  0.0
3  0.0  0.0
4  0.0  0.0
5  1.0  0.0
6  0.002  0.0
2  0.0  0.0
3  0.0  0.0
4  0.0  0.0
5  1.0  0.0
6  1.0  0.0
2  0.0  0.0
3  0.0  0.0
4  1.0  0.0
5  1.0  0.0
6  0.0  0.0
2  0.0  0.0
3  0.0  0.0
4  0.0  0.0
5  0.10199999999999999  0.0
6  1.0  0.0
2  0.0  0.0
3  1.0  0.0
4  1.0  0.0
5  0.95399999999999996  0.0
6  0.50800000000000001  0.0
2  0.0  0.0
3  1.0  0.0
4  0.0  0.0
5  0.0  0.0
6  0.0  0.0
2  0.0  0.0
3  1.0  0.0
4  1.0  0.0
5  0.35599999999999998  0.0
6  1.0  0.0
2  1.0  0.0
3  1.0  0.0
4  1.0  0.0
5  1.0  0.0
6  0.016  0.0
2  0.0  0.0
3  0.0  0.0
4  0.0  0.0
5  1.0  0.0
6  0.39800000000000002  0.0
2  0.0  0.0
3  1.0  0.0
4  1.0  0.0
5  0.17999999999999999  0.0
6  0.0  0.0
2  0.0  0.0
3  1.0  0.0
4  1.0  0.0
5  0.0  0.0
6  1.0  0.0
2  0.0  0.0
3  1.0  0.0
4  0.0  0.0
5  1.0  0.0
6  0.0  0.0
2  1.0  0.0
3  1.0  0.0
4  1.0  0.0
5  1.0  0.0
6  1.0  0.0
2  0.0  0.0
3  0.0  0.0
4  0.0  0.0
5  1.0  0.0
6  1.0  0.0
2  0.0  0.0
3  0.0  0.0
4  0.0  0.0
5  1.0  0.0
6  1.0  0.0
2  0.0  0.0
3  1.0  0.0
4  1.0  0.0
5  0.0  0.0
6  1.0  0.0
2  1.0  0.0
3  0.0  0.0
4  1.0  0.0
5  1.0  0.0
6  1.0  0.0
2  1.0  0.0
3  0.0  0.0
4  1.0  0.0
5  0.156  0.0
6  1.0  0.0
2  0.0  0.0
3  1.0  0.0
4  0.93400000000000005  0.0
5  1.0  0.0
6  0.0  0.0
2  0.0  0.0
3  0.0  0.0
4  0.0  0.0
5  0.0  0.0
6  1.0  0.0
2  0.0  0.0
3  0.0  0.0
4  0.0  0.0
5  1.0  0.0
6  1.0  0.0
2  0.0  0.0
3  0.0  0.0
4  1.0  0.0
5  1.0  0.0
6  1.0  0.0
2  1.0  0.0
3  1.0  0.0
4  0.0  0.0
5  0.0  0.0
6  1.0  0.0
2  0.0  0.0
3  1.0  0.0
4  0.0  0.0
5  1.0  0.0
6  1.0  0.0
2  0.0  0.0
3  0.0  0.0
4  0.0  0.0
5  0.0  0.0
6  0.0  0.0
2  0.0  0.0
3  1.0  0.0
4  1.0  0.0
5  0.0040000000000000001  0.0
6  1.0  0.0
2  0.0  0.0
3  1.0  0.0
4  0.0  0.0
5  1.0  0.0
6  1.0  0.0
2  0.0  0.0
3  0.0  0.0
4  0.0  0.0
5  0.0  0.0
6  1.0  0.0
2  0.0  0.0
3  0.0  0.0
4  0.0  0.0
5  1.0  0.0
6  1.0  0.0
2  0.0  0.0
3  0.0  0.0
4  1.0  0.0
5  1.0  0.0
6  1.0  0.0
2  0.0  0.0
3  0.0  0.0
4  0.0  0.0
5  1.0  0.0
6  0.0  0.0
2  0.0  0.0
3  0.0  0.0
4  1.0  0.0
5  1.0  0.0
6  1.0  0.0
2  1.0  0.0
3  0.0  0.0
4  0.0  0.0
5  0.0  0.0
6  1.0  0.0
2  0.0  0.0
3  0.0  0.0
4  1.0  0.0
5  0.0  0.0
6  0.0  0.0
2  0.0  0.0
3  0.0  0.0
4  0.0040000000000000001  0.0
5  1.0  0.0
6  1.0  0.0
2  1.0  0.0
3  0.0  0.0
4  0.996  0.0
5  1.0  0.0
6  0.0  0.0
2  0.0  0.0
3  0.0  0.0
4  1.0  0.0
5  1.0  0.0
6  0.99199999999999999  0.0
2  1.0  0.0
3  0.0  0.0
4  1.0  0.0
5  0.77800000000000002  0.0
6  0.0  0.0
2  1.0  0.0
3  1.0  0.0
4  0.0  0.0
5  0.28999999999999998  0.0
6  1.0  0.0
2  0.0  0.0
3  0.0  0.0
4  1.0  0.0
5  1.0  0.0
6  1.0  0.0
2  0.0  0.0
3  0.0  0.0
4  0.0  0.0
5  1.0  0.0
6  1.0  0.0
2  0.0  0.0
3  1.0  0.0
4  0.0  0.0
5  1.0  0.0
6  1.0  0.0
2  0.0  0.0
3  0.0  0.0
4  0.0  0.0
5  1.0  0.0
6  1.0  0.0
2  0.40799999999999997  0.0
3  0.0  0.0
4  1.0  0.0
5  0.0  0.0
6  0.0  0.0
2  0.0  0.0
3  1.0  0.0
4  1.0  0.0
5  1.0  0.0
6  0.0  0.0
2  1.0  0.0
3  1.0  0.0
4  0.0  0.0
5  1.0  0.0
6  1.0  0.0
2  1.0  0.0
3  0.0  0.0
4  1.0  0.0
5  0.76800000000000002  0.0
6  0.0060000000000000001  0.0
2  0.0  0.0
3  0.0  0.0
4  0.0  0.0
5  0.0  0.0
6  0.0  0.0
2  0.0  0.0
3  1.0  0.0
4  1.0  0.0
5  0.0  0.0
6  0.16200000000000001  0.0
2  0.0  0.0
3  0.0  0.0
4  0.0  0.0
5  0.0  0.0
6  0.016  0.0
2  0.0  0.0
3  1.0  0.0
4  0.0  0.0
5  0.0  0.0
6  0.0  0.0
2  0.0  0.0
3  0.0  0.0
4  1.0  0.0
5  0.0  0.0
6  1.0  0.0
2  0.0  0.0
3  1.0  0.0
4  1.0  0.0
5  0.0  0.0
6  1.0  0.0
2  1.0  0.0
3  0.0  0.0
4  0.0  0.0
5  1.0  0.0
6  0.0  0.0
2  0.0  0.0
3  0.0  0.0
4  0.0  0.0
5  0.0  0.0
6  0.0  0.0
2  0.0  0.0
3  0.0  0.0
4  1.0  0.0
5  1.0  0.0
6  0.0  0.0
2  0.0  0.0
3  0.0  0.0
4  1.0  0.0
5  1.0  0.0
6  1.0  0.0
2  0.0  0.0
3  1.0  0.0
4  1.0  0.0
5  0.0  0.0
6  1.0  0.0
2  0.0  0.0
3  0.0  0.0
4  0.0  0.0
5  0.0  0.0
6  1.0  0.0
2  0.0  0.0
3  1.0  0.0
4  0.0060000000000000001  0.0
5  0.0  0.0
6  1.0  0.0
2  0.0  0.0
3  0.0  0.0
4  0.0  0.0
5  1.0  0.0
6  1.0  0.0
2  0.0  0.0
3  1.0  0.0
4  1.0  0.0
5  1.0  0.0
6  1.0  0.0
2  0.0  0.0
3  0.0  0.0
4  0.025999999999999999  0.0
5  0.0  0.0
6  0.0  0.0
2  0.0  0.0
3  0.0  0.0
4  0.30199999999999999  0.0
5  0.0  0.0
6  1.0  0.0
2  0.0  0.0
3  0.0  0.0
4  1.0  0.0
5  0.0  0.0
6  1.0  0.0
2  1.0  0.0
3  1.0  0.0
4  0.0  0.0
5  1.0  0.0
6  1.0  0.0
2  0.0  0.0
3  1.0  0.0
4  1.0  0.0
5  1.0  0.0
6  1.0  0.0
2  0.0  0.0
3  1.0  0.0
4  1.0  0.0
5  1.0  0.0
6  1.0  0.0
2  0.0  0.0
3  0.0040000000000000001  0.0
4  0.0  0.0
5  0.0  0.0
6  0.0  0.0
2  0.0  0.0
3  1.0  0.0
4  0.0  0.0
5  0.0  0.0
6  0.0  0.0
2  1.0  0.0
3  1.0  0.0
4  1.0  0.0
5  1.0  0.0
6  1.0  0.0
2  0.0  0.0
3  0.0  0.0
4  0.0  0.0
5  0.104  0.0
6  0.0  0.0
2  0.0  0.0
3  0.0  0.0
4  1.0  0.0
5  0.0  0.0
6  1.0  0.0
2  0.0  0.0
3  0.0  0.0
4  1.0  0.0
5  0.0  0.0
6  0.0  0.0
2  0.0  0.0
3  0.0  0.0
4  1.0  0.0
5  1.0  0.0
6  1.0  0.0
2  0.0  0.0
3  1.0  0.0
4  1.0  0.0
5  1.0  0.0
6  0.0040000000000000001  0.0
2  0.0  0.0
3  0.0  0.0
4  0.0  0.0
5  1.0  0.0
6  1.0  0.0
2  0.0  0.0
3  1.0  0.0
4  0.0  0.0
5  1.0  0.0
6  0.0  0.0
2  0.0  0.0
3  0.0  0.0
4  1.0  0.0
5  1.0  0.0
6  1.0  0.0
2  0.0  0.0
3  0.0  0.0
4  1.0  0.0
5  0.0  0.0
6  1.0  0.0
2  0.0  0.0
3  0.0  0.0
4  1.0  0.0
5  1.0  0.0
6  1.0  0.0
2  0.0  0.0
3  1.0  0.0
4  1.0  0.0
5  1.0  0.0
6  0.0  0.0
2  0.0  0.0
3  0.0  0.0
4  1.0  0.0
5  0.0  0.0
6  1.0  0.0
2  1.0  0.0
3  0.0  0.0
4  0.0  0.0
5  0.46000000000000002  0.0
6  1.0  0.0
2  0.0  0.0
3  1.0  0.0
4  1.0  0.0
5  1.0  0.0
6  1.0  0.0
2  0.0  0.0
3  1.0  0.0
4  1.0  0.0
5  0.0  0.0
6  0.032000000000000001  0.0
2  0.0  0.0
3  0.0  0.0
4  0.0  0.0
5  0.0  0.0
6  0.44800000000000001  0.0
2  0.0  0.0
3  0.0  0.0
4  0.0  0.0
5  0.0  0.0
6  0.0  0.0
2  0.0  0.0
3  1.0  0.0
4  0.0  0.0
5  0.0  0.0
6  1.0  0.0
