1  0.57999999999999996  0.093684210526315786
2  1.0  0.10000000000000001
3  0.78000000000000003  0.086315789473684207
4  0.68000000000000005  0.092631578947368426
5  1.0  0.088421052631578942
6  1.0  0.10421052631578948
7  1.0  0.10842105263157895
8  1.0  0.084210526315789472
9  1.0  0.12210526315789473
10  1.0  0.091578947368421051
1  1.0  0.095789473684210522
2  0.69999999999999996  0.091578947368421051
3  1.0  0.091578947368421051
4  1.0  0.12105263157894737
5  0.44  0.11473684210526315
6  1.0  0.093684210526315786
7  1.0  0.093684210526315786
8  1.0  0.10210526315789474
9  0.97999999999999998  0.092631578947368426
10  1.0  0.086315789473684207
1  1.0  0.1168421052631579
2  0.90000000000000002  0.098947368421052631
3  1.0  0.095789473684210522
4  1.0  0.095789473684210522
5  1.0  0.1031578947368421
6  1.0  0.090526315789473691
7  0.95999999999999996  0.084210526315789472
8  1.0  0.1031578947368421
9  1.0  0.096842105263157896
10  1.0  0.085263157894736846
1  0.46000000000000002  0.084210526315789472
2  0.52000000000000002  0.098947368421052631
3  1.0  0.092631578947368426
4  1.0  0.075789473684210532
5  0.68000000000000005  0.090526315789473691
6  1.0  0.1031578947368421
7  1.0  0.10631578947368421
8  1.0  0.097894736842105257
9  1.0  0.091578947368421051
10  1.0  0.088421052631578942
1  0.40000000000000002  0.092631578947368426
2  0.46000000000000002  0.10842105263157895
3  0.95999999999999996  0.10526315789473684
4  1.0  0.095789473684210522
5  1.0  0.1031578947368421
6  1.0  0.11052631578947368
7  1.0  0.10842105263157895
8  1.0  0.076842105263157892
9  1.0  0.095789473684210522
10  1.0  0.11052631578947368
1  0.56000000000000005  0.10210526315789474
2  0.59999999999999998  0.096842105263157896
3  1.0  0.086315789473684207
4  1.0  0.10105263157894737
5  0.52000000000000002  0.097894736842105257
6  1.0  0.098947368421052631
7  1.0  0.10526315789473684
8  1.0  0.1031578947368421
9  0.95999999999999996  0.080000000000000002
10  0.97999999999999998  0.082105263157894737
1  0.44  0.091578947368421051
2  0.92000000000000004  0.080000000000000002
3  1.0  0.090526315789473691
4  1.0  0.090526315789473691
5  0.95999999999999996  0.1031578947368421
6  1.0  0.082105263157894737
7  1.0  0.083157894736842111
8  1.0  0.096842105263157896
9  1.0  0.10000000000000001
10  1.0  0.097894736842105257
1  0.46000000000000002  0.083157894736842111
2  1.0  0.098947368421052631
3  1.0  0.083157894736842111
4  1.0  0.091578947368421051
5  1.0  0.094736842105263161
6  1.0  0.094736842105263161
7  1.0  0.095789473684210522
8  1.0  0.10736842105263159
9  1.0  0.1168421052631579
10  1.0  0.086315789473684207
1  0.35999999999999999  0.10105263157894737
2  1.0  0.083157894736842111
3  0.71999999999999997  0.093684210526315786
4  0.76000000000000001  0.11578947368421053
5  1.0  0.11263157894736842
6  1.0  0.093684210526315786
7  1.0  0.094736842105263161
8  1.0  0.092631578947368426
9  1.0  0.097894736842105257
10  0.80000000000000004  0.096842105263157896
1  0.40000000000000002  0.094736842105263161
2  0.97999999999999998  0.092631578947368426
3  0.69999999999999996  0.10000000000000001
4  0.62  0.086315789473684207
5  1.0  0.10000000000000001
6  1.0  0.10842105263157895
7  1.0  0.082105263157894737
8  1.0  0.10000000000000001
9  1.0  0.1031578947368421
10  1.0  0.097894736842105257
