2  0.0  0.0
3  1.0  0.0
4  0.0  0.0
5  0.0  0.0
6  0.0  0.0
2  0.0  0.0
3  0.0  0.0
4  0.0  0.0
5  0.0  0.0
6  1.0  0.0
2  0.0  0.0
3  0.92800000000000005  0.0
4  1.0  0.0
5  1.0  0.0
6  1.0  0.0
2  1.0  0.0
3  0.0  0.0
4  0.998  0.0
5  0.0  0.0
6  0.0  0.0
2  0.92000000000000004  0.0
3  1.0  0.0
4  0.0  0.0
5  1.0  0.0
6  0.0  0.0
2  1.0  0.0
3  0.0  0.0
4  0.0  0.0
5  0.0  0.0
6  0.0  0.0
2  0.0  0.0
3  0.0  0.0
4  0.0  0.0
5  1.0  0.0
6  0.0  0.0
2  0.0  0.0
3  1.0  0.0
4  1.0  0.0
5  0.0  0.0
6  1.0  0.0
2  0.0  0.0
3  1.0  0.0
4  0.0  0.0
5  1.0  0.0
6  0.0  0.0
2  1.0  0.0
3  0.0  0.0
4  1.0  0.0
5  0.056000000000000001  0.0
6  1.0  0.0
2  0.0  0.0
3  0.0  0.0
4  0.0  0.0
5  0.216  0.0
6  1.0  0.0
2  0.0  0.0
3  1.0  0.0
4  0.0  0.0
5  0.051999999999999998  0.0
6  0.0  0.0
2  0.0  0.0
3  0.46000000000000002  0.0
4  0.998  0.0
5  1.0  0.0
6  0.0  0.0
2  0.0  0.0
3  0.0  0.0
4  0.0  0.0
5  1.0  0.0
6  1.0  0.0
2  0.0  0.0
3  0.0  0.0
4  0.90400000000000003  0.0
5  1.0  0.0
6  1.0  0.0
2  0.0  0.0
3  0.0  0.0
4  0.0  0.0
5  1.0  0.0
6  0.0  0.0
2  1.0  0.0
3  1.0  0.0
4  1.0  0.0
5  1.0  0.0
6  1.0  0.0
2  1.0  0.0
3  0.95599999999999996  0.0
4  1.0  0.0
5  0.0  0.0
6  1.0  0.0
2  1.0  0.0
3  1.0  0.0
4  0.0  0.0
5  1.0  0.0
6  1.0  0.0
2  0.0  0.0
3  0.0  0.0
4  0.0  0.0
5  1.0  0.0
6  1.0  0.0
2  1.0  0.0
3  0.0  0.0
4  0.0  0.0
5  0.0  0.0
6  0.0  0.0
2  0.114  0.0
3  1.0  0.0
4  1.0  0.0
5  0.71199999999999997  0.0
6  1.0  0.0
2  0.0  0.0
3  0.0  0.0
4  1.0  0.0
5  0.0  0.0
6  0.0  0.0
2  0.0  0.0
3  1.0  0.0
4  0.0  0.0
5  1.0  0.0
6  1.0  0.0
2  0.0  0.0
3  1.0  0.0
4  1.0  0.0
5  1.0  0.0
6  1.0  0.0
2  1.0  0.0
3  1.0  0.0
4  1.0  0.0
5  1.0  0.0
6  1.0  0.0
2  0.0  0.0
3  0.0  0.0
4  0.0  0.0
5  0.0  0.0
6  1.0  0.0
2  0.0  0.0
3  0.0  0.0
4  0.0  0.0
5  0.0  0.0
6  1.0  0.0
2  0.0  0.0
3  0.0  0.0
4  1.0  0.0
5  1.0  0.0
6  0.98999999999999999  0.0
2  0.0  0.0
3  1.0  0.0
4  1.0  0.0
5  0.0  0.0
6  1.0  0.0
2  1.0  0.0
3  1.0  0.0
4  0.082000000000000003  0.0
5  1.0  0.0
6  0.0  0.0
2  0.0  0.0
3  0.0  0.0
4  1.0  0.0
5  0.0  0.0
6  1.0  0.0
2  0.0  0.0
3  0.97599999999999998  0.0
4  0.99399999999999999  0.0
5  0.0  0.0
6  1.0  0.0
2  0.0  0.0
3  0.0  0.0
4  0.0  0.0
5  0.38600000000000001  0.0
6  1.0  0.0
2  0.0  0.0
3  0.0  0.0
4  1.0  0.0
5  1.0  0.0
6  0.52800000000000002  0.0
2  0.0  0.0
3  0.0  0.0
4  0.0040000000000000001  0.0
5  1.0  0.0
6  0.0  0.0
2  0.0  0.0
3  0.0  0.0
4  1.0  0.0
5  1.0  0.0
6  0.0  0.0
2  0.0  0.0
3  0.0  0.0
4  1.0  0.0
5  1.0  0.0
6  1.0  0.0
2  0.0  0.0
3  0.0  0.0
4  1.0  0.0
5  1.0  0.0
6  1.0  0.0
2  1.0  0.0
3  0.0  0.0
4  0.0  0.0
5  0.0  0.0
6  0.0  0.0
2  0.0  0.0
3  0.0  0.0
4  1.0  0.0
5  0.0  0.0
6  0.0  0.0
2  0.0  0.0
3  0.0  0.0
4  1.0  0.0
5  1.0  0.0
6  0.0  0.0
2  0.0  0.0
3  1.0  0.0
4  1.0  0.0
5  1.0  0.0
6  0.0  0.0
2  0.0  0.0
3  0.0  0.0
4  1.0  0.0
5  0.0  0.0
6  1.0  0.0
2  0.0  0.0
3  1.0  0.0
4  0.0  0.0
5  0.0  0.0
6  1.0  0.0
2  1.0  0.0
3  1.0  0.0
4  1.0  0.0
5  0.0  0.0
6  1.0  0.0
2  0.0  0.0
3  1.0  0.0
4  0.0  0.0
5  0.0  0.0
6  1.0  0.0
2  1.0  0.0
3  0.0  0.0
4  0.0  0.0
5  1.0  0.0
6  1.0  0.0
2  1.0  0.0
3  0.0  0.0
4  1.0  0.0
5  0.0  0.0
6  0.0  0.0
2  1.0  0.0
3  0.0  0.0
4  1.0  0.0
5  1.0  0.0
6  1.0  0.0
2  0.012  0.0
3  1.0  0.0
4  1.0  0.0
5  1.0  0.0
6  0.998  0.0
2  0.0  0.0
3  1.0  0.0
4  1.0  0.0
5  1.0  0.0
6  1.0  0.0
2  0.0  0.0
3  0.0  0.0
4  0.86599999999999999  0.0
5  1.0  0.0
6  0.33800000000000002  0.0
2  0.0  0.0
3  1.0  0.0
4  1.0  0.0
5  0.0  0.0
6  0.0  0.0
2  0.0  0.0
3  0.0  0.0
4  1.0  0.0
5  1.0  0.0
6  1.0  0.0
2  0.0  0.0
3  0.0  0.0
4  1.0  0.0
5  0.0  0.0
6  0.0  0.0
2  1.0  0.0
3  0.67600000000000005  0.0
4  0.0  0.0
5  1.0  0.0
6  1.0  0.0
2  0.14799999999999999  0.0
3  0.0  0.0
4  0.29999999999999999  0.0
5  0.0  0.0
6  0.0  0.0
2  0.0  0.0
3  0.0  0.0
4  0.0  0.0
5  0.0  0.0
6  0.0  0.0
2  0.998  0.0
3  0.0  0.0
4  0.0  0.0
5  1.0  0.0
6  1.0  0.0
2  1.0  0.0
3  1.0  0.0
4  0.0  0.0
5  0.90400000000000003  0.0
6  0.0  0.0
2  1.0  0.0
3  0.0  0.0
4  0.0  0.0
5  0.0  0.0
6  0.048000000000000001  0.0
2  0.0  0.0
3  1.0  0.0
4  0.0  0.0
5  0.0  0.0
6  1.0  0.0
2  0.0  0.0
3  0.0  0.0
4  1.0  0.0
5  0.0  0.0
6  0.0  0.0
2  0.0  0.0
3  0.97999999999999998  0.0
4  0.0  0.0
5  1.0  0.0
6  1.0  0.0
2  0.0  0.0
3  1.0  0.0
4  1.0  0.0
5  1.0  0.0
6  1.0  0.0
2  0.0  0.0
3  1.0  0.0
4  0.0  0.0
5  1.0  0.0
6  1.0  0.0
2  0.0  0.0
3  0.0  0.0
4  0.0  0.0
5  0.0  0.0
6  1.0  0.0
2  0.0  0.0
3  1.0  0.0
4  1.0  0.0
5  0.0  0.0
6  0.0  0.0
2  0.0  0.0
3  1.0  0.0
4  1.0  0.0
5  1.0  0.0
6  0.01  0.0
2  0.0  0.0
3  1.0  0.0
4  0.0  0.0
5  1.0  0.0
6  1.0  0.0
2  0.0  0.0
3  0.0  0.0
4  0.0  0.0
5  1.0  0.0
6  0.0  0.0
2  0.0  0.0
3  0.037999999999999999  0.0
4  1.0  0.0
5  1.0  0.0
6  1.0  0.0
2  1.0  0.0
3  0.0  0.0
4  1.0  0.0
5  1.0  0.0
6  1.0  0.0
2  0.94399999999999995  0.0
3  1.0  0.0
4  1.0  0.0
5  1.0  0.0
6  1.0  0.0
2  0.0  0.0
3  0.0  0.0
4  0.0  0.0
5  1.0  0.0
6  0.41799999999999998  0.0
2  0.0  0.0
3  0.0  0.0
4  0.0  0.0
5  1.0  0.0
6  1.0  0.0
2  0.0  0.0
3  0.33000000000000002  0.0
4  1.0  0.0
5  1.0  0.0
6  1.0  0.0
2  1.0  0.0
3  0.0  0.0
4  0.0  0.0
5  1.0  0.0
6  1.0  0.0
2  0.0  0.0
3  0.61799999999999999  0.0
4  0.0  0.0
5  0.0  0.0
6  1.0  0.0
2  0.0  0.0
3  1.0  0.0
4  1.0  0.0
5  1.0  0.0
6  1.0  0.0
2  0.0  0.0
3  0.0  0.0
4  0.0  0.0
5  0.0  0.0
6  0.0  0.0
2  0.0  0.0
3  0.0  0.0
4  0.0  0.0
5  0.0  0.0
6  0.0  0.0
2  0.0  0.0
3  1.0  0.0
4  1.0  0.0
5  0.0  0.0
6  1.0  0.0
2  0.0  0.0
3  0.0  0.0
4  1.0  0.0
5  0.0  0.0
6  1.0  0.0
2  0.0  0.0
3  0.0  0.0
4  0.0  0.0
5  1.0  0.0
6  1.0  0.0
2  0.0  0.0
3  1.0  0.0
4  1.0  0.0
5  1.0  0.0
6  0.0  0.0
2  0.0  0.0
3  1.0  0.0
4  0.0  0.0
5  0.0  0.0
6  1.0  0.0
2  0.0  0.0
3  0.0  0.0
4  0.0  0.0
5  0.0  0.0
6  1.0  0.0
2  0.0  0.0
3  1.0  0.0
4  0.0  0.0
5  0.0  0.0
6  1.0  0.0
2  0.0  0.0
3  0.0  0.0
4  0.0  0.0
5  0.0  0.0
6  0.104  0.0
2  0.0  0.0
3  1.0  0.0
4  0.0  0.0
5  1.0  0.0
6  1.0  0.0
2  0.0  0.0
3  0.0  0.0
4  1.0  0.0
5  1.0  0.0
6  1.0  0.0
2  1.0  0.0
3  1.0  0.0
4  1.0  0.0
5  1.0  0.0
6  0.0  0.0
2  0.02  0.0
3  0.0  0.0
4  1.0  0.0
5  1.0  0.0
6  1.0  0.0
2  0.0  0.0
3  0.002  0.0
4  0.0  0.0
5  0.0  0.0
6  0.0  0.0
2  0.0  0.0
3  1.0  0.0
4  0.0  0.0
5  0.0  0.0
6  0.0  0.0
2  0.0  0.0
3  0.0  0.0
4  1.0  0.0
5  1.0  0.0
6  0.0  0.0
2  0.0  0.0
3  0.0  0.0
4  0.0  0.0
5  1.0  0.0
6  1.0  0.0
2  0.0  0.0
3  1.0  0.0
4  0.0  0.0
5  1.0  0.0
6  1.0  0.0
