0.1  0.85999999999999999  0.01368421052631579
0.15  0.97999999999999998  0.018947368421052633
0.2  0.80000000000000004  0.031578947368421054
0.25  0.81999999999999995  0.032631578947368421
0.3  0.92000000000000004  0.041052631578947368
0.1  0.90000000000000002  0.014736842105263158
0.15  0.78000000000000003  0.01368421052631579
0.2  0.93999999999999995  0.025263157894736842
0.25  1.0  0.031578947368421054
0.3  0.90000000000000002  0.044210526315789471
0.1  1.0  0.02
0.15  0.97999999999999998  0.017894736842105262
0.2  0.85999999999999999  0.021052631578947368
0.25  1.0  0.02736842105263158
0.3  0.90000000000000002  0.043157894736842103
0.1  0.92000000000000004  0.018947368421052633
0.15  0.85999999999999999  0.01368421052631579
0.2  0.80000000000000004  0.030526315789473683
0.25  0.97999999999999998  0.029473684210526315
0.3  0.93999999999999995  0.041052631578947368
0.1  0.62  0.018947368421052633
0.15  0.85999999999999999  0.026315789473684209
0.2  0.97999999999999998  0.026315789473684209
0.25  0.92000000000000004  0.036842105263157891
0.3  1.0  0.048421052631578948
0.1  1.0  0.015789473684210527
0.15  0.95999999999999996  0.01368421052631579
0.2  0.83999999999999997  0.029473684210526315
0.25  1.0  0.038947368421052633
0.3  0.83999999999999997  0.045263157894736845
0.1  0.90000000000000002  0.02
0.15  0.92000000000000004  0.023157894736842106
0.2  1.0  0.02
0.25  0.90000000000000002  0.034736842105263156
0.3  0.95999999999999996  0.038947368421052633
0.1  0.64000000000000001  0.016842105263157894
0.15  0.97999999999999998  0.018947368421052633
0.2  0.76000000000000001  0.028421052631578948
0.25  1.0  0.045263157894736845
0.3  1.0  0.041052631578947368
0.1  1.0  0.014736842105263158
0.15  1.0  0.0084210526315789472
0.2  0.92000000000000004  0.024210526315789474
0.25  1.0  0.028421052631578948
0.3  1.0  0.040000000000000001
0.1  0.73999999999999999  0.012631578947368421
0.15  0.78000000000000003  0.016842105263157894
0.2  0.78000000000000003  0.023157894736842106
0.25  1.0  0.033684210526315789
0.3  0.85999999999999999  0.050526315789473683
0.1  0.80000000000000004  0.018947368421052633
0.15  0.90000000000000002  0.022105263157894735
0.2  0.66000000000000003  0.028421052631578948
0.25  0.81999999999999995  0.02736842105263158
0.3  1.0  0.044210526315789471
0.1  0.62  0.01368421052631579
0.15  0.93999999999999995  0.028421052631578948
0.2  1.0  0.018947368421052633
0.25  0.71999999999999997  0.040000000000000001
0.3  0.93999999999999995  0.038947368421052633
0.1  1.0  0.012631578947368421
0.15  1.0  0.024210526315789474
0.2  0.92000000000000004  0.015789473684210527
0.25  0.97999999999999998  0.032631578947368421
0.3  1.0  0.045263157894736845
0.1  0.93999999999999995  0.02
0.15  0.88  0.024210526315789474
0.2  0.93999999999999995  0.034736842105263156
0.25  1.0  0.032631578947368421
0.3  1.0  0.033684210526315789
0.1  0.85999999999999999  0.015789473684210527
0.15  0.90000000000000002  0.016842105263157894
0.2  1.0  0.029473684210526315
0.25  0.97999999999999998  0.036842105263157891
0.3  0.93999999999999995  0.041052631578947368
0.1  0.85999999999999999  0.0094736842105263164
0.15  0.85999999999999999  0.018947368421052633
0.2  0.97999999999999998  0.021052631578947368
0.25  1.0  0.033684210526315789
0.3  0.97999999999999998  0.053684210526315793
0.1  0.64000000000000001  0.022105263157894735
0.15  0.88  0.024210526315789474
0.2  0.92000000000000004  0.016842105263157894
0.25  0.66000000000000003  0.037894736842105266
0.3  0.78000000000000003  0.034736842105263156
0.1  0.93999999999999995  0.014736842105263158
0.15  0.81999999999999995  0.031578947368421054
0.2  0.97999999999999998  0.025263157894736842
0.25  0.97999999999999998  0.041052631578947368
0.3  0.95999999999999996  0.042105263157894736
0.1  0.95999999999999996  0.01368421052631579
0.15  0.52000000000000002  0.02
0.2  0.95999999999999996  0.02
0.25  0.97999999999999998  0.038947368421052633
0.3  0.71999999999999997  0.049473684210526316
0.1  0.80000000000000004  0.01368421052631579
0.15  0.56000000000000005  0.02
0.2  0.97999999999999998  0.023157894736842106
0.25  1.0  0.032631578947368421
0.3  0.92000000000000004  0.035789473684210524
0.1  0.97999999999999998  0.011578947368421053
0.15  0.66000000000000003  0.021052631578947368
0.2  0.93999999999999995  0.032631578947368421
0.25  0.95999999999999996  0.026315789473684209
0.3  1.0  0.050526315789473683
0.1  1.0  0.012631578947368421
0.15  0.95999999999999996  0.017894736842105262
0.2  1.0  0.025263157894736842
0.25  0.62  0.045263157894736845
0.3  1.0  0.050526315789473683
0.1  1.0  0.02
0.15  0.97999999999999998  0.02736842105263158
0.2  0.92000000000000004  0.028421052631578948
0.25  0.73999999999999999  0.037894736842105266
0.3  0.93999999999999995  0.048421052631578948
0.1  0.78000000000000003  0.024210526315789474
0.15  0.97999999999999998  0.018947368421052633
0.2  0.93999999999999995  0.022105263157894735
0.25  1.0  0.026315789473684209
0.3  0.97999999999999998  0.05473684210526316
0.1  0.73999999999999999  0.022105263157894735
0.15  1.0  0.021052631578947368
0.2  0.97999999999999998  0.030526315789473683
0.25  0.88  0.034736842105263156
0.3  0.93999999999999995  0.043157894736842103
0.1  0.90000000000000002  0.015789473684210527
0.15  0.95999999999999996  0.025263157894736842
0.2  0.54000000000000004  0.025263157894736842
0.25  0.85999999999999999  0.044210526315789471
0.3  0.95999999999999996  0.053684210526315793
0.1  1.0  0.018947368421052633
0.15  1.0  0.015789473684210527
0.2  0.59999999999999998  0.02
0.25  1.0  0.033684210526315789
0.3  1.0  0.042105263157894736
0.1  1.0  0.0063157894736842104
0.15  0.93999999999999995  0.032631578947368421
0.2  0.97999999999999998  0.018947368421052633
0.25  1.0  0.034736842105263156
0.3  0.92000000000000004  0.038947368421052633
0.1  0.93999999999999995  0.01368421052631579
0.15  0.81999999999999995  0.014736842105263158
0.2  0.76000000000000001  0.029473684210526315
0.25  1.0  0.030526315789473683
0.3  1.0  0.038947368421052633
0.1  0.64000000000000001  0.0094736842105263164
0.15  0.88  0.028421052631578948
0.2  1.0  0.022105263157894735
0.25  0.90000000000000002  0.023157894736842106
0.3  0.92000000000000004  0.048421052631578948
0.1  1.0  0.010526315789473684
0.15  0.69999999999999996  0.021052631578947368
0.2  0.54000000000000004  0.018947368421052633
0.25  1.0  0.036842105263157891
0.3  0.83999999999999997  0.044210526315789471
0.1  0.95999999999999996  0.021052631578947368
0.15  0.93999999999999995  0.01368421052631579
0.2  1.0  0.028421052631578948
0.25  1.0  0.037894736842105266
0.3  0.80000000000000004  0.050526315789473683
0.1  0.78000000000000003  0.016842105263157894
0.15  0.83999999999999997  0.016842105263157894
0.2  0.69999999999999996  0.025263157894736842
0.25  0.88  0.023157894736842106
0.3  1.0  0.061052631578947365
0.1  0.69999999999999996  0.0094736842105263164
0.15  0.92000000000000004  0.02736842105263158
0.2  1.0  0.030526315789473683
0.25  1.0  0.040000000000000001
0.3  0.93999999999999995  0.037894736842105266
0.1  0.62  0.01368421052631579
0.15  0.76000000000000001  0.025263157894736842
0.2  1.0  0.030526315789473683
0.25  0.88  0.023157894736842106
0.3  0.97999999999999998  0.048421052631578948
0.1  0.85999999999999999  0.01368421052631579
0.15  0.73999999999999999  0.016842105263157894
0.2  0.76000000000000001  0.021052631578947368
0.25  0.90000000000000002  0.037894736842105266
0.3  0.88  0.044210526315789471
0.1  0.93999999999999995  0.010526315789473684
0.15  0.76000000000000001  0.014736842105263158
0.2  0.56000000000000005  0.028421052631578948
0.25  0.92000000000000004  0.044210526315789471
0.3  0.73999999999999999  0.041052631578947368
0.1  1.0  0.016842105263157894
0.15  0.85999999999999999  0.021052631578947368
0.2  0.97999999999999998  0.028421052631578948
0.25  0.85999999999999999  0.028421052631578948
0.3  0.95999999999999996  0.059999999999999998
0.1  0.88  0.016842105263157894
0.15  0.71999999999999997  0.021052631578947368
0.2  0.83999999999999997  0.029473684210526315
0.25  0.64000000000000001  0.040000000000000001
0.3  1.0  0.036842105263157891
0.1  1.0  0.0084210526315789472
0.15  1.0  0.028421052631578948
0.2  0.93999999999999995  0.018947368421052633
0.25  1.0  0.031578947368421054
0.3  0.97999999999999998  0.042105263157894736
0.1  1.0  0.023157894736842106
0.15  1.0  0.022105263157894735
0.2  0.90000000000000002  0.033684210526315789
0.25  0.93999999999999995  0.017894736842105262
0.3  1.0  0.05894736842105263
0.1  0.93999999999999995  0.023157894736842106
0.15  0.92000000000000004  0.023157894736842106
0.2  0.97999999999999998  0.025263157894736842
0.25  1.0  0.033684210526315789
0.3  0.76000000000000001  0.044210526315789471
0.1  1.0  0.0094736842105263164
0.15  0.83999999999999997  0.024210526315789474
0.2  1.0  0.024210526315789474
0.25  0.93999999999999995  0.035789473684210524
0.3  0.88  0.042105263157894736
0.1  1.0  0.02
0.15  0.78000000000000003  0.014736842105263158
0.2  1.0  0.014736842105263158
0.25  0.97999999999999998  0.034736842105263156
0.3  0.76000000000000001  0.046315789473684213
0.1  0.73999999999999999  0.011578947368421053
0.15  1.0  0.016842105263157894
0.2  1.0  0.026315789473684209
0.25  0.81999999999999995  0.048421052631578948
0.3  1.0  0.049473684210526316
0.1  1.0  0.011578947368421053
0.15  1.0  0.024210526315789474
0.2  0.95999999999999996  0.028421052631578948
0.25  1.0  0.037894736842105266
0.3  1.0  0.053684210526315793
0.1  0.80000000000000004  0.015789473684210527
0.15  0.78000000000000003  0.02
0.2  0.83999999999999997  0.028421052631578948
0.25  0.93999999999999995  0.034736842105263156
0.3  0.92000000000000004  0.045263157894736845
0.1  0.76000000000000001  0.0084210526315789472
0.15  0.83999999999999997  0.021052631578947368
0.2  1.0  0.024210526315789474
0.25  0.90000000000000002  0.041052631578947368
0.3  0.95999999999999996  0.050526315789473683
0.1  0.95999999999999996  0.0073684210526315788
0.15  0.90000000000000002  0.017894736842105262
0.2  1.0  0.032631578947368421
0.25  0.97999999999999998  0.028421052631578948
0.3  1.0  0.041052631578947368
0.1  1.0  0.02
0.15  1.0  0.024210526315789474
0.2  1.0  0.028421052631578948
0.25  1.0  0.032631578947368421
0.3  0.92000000000000004  0.04736842105263158
0.1  0.80000000000000004  0.010526315789473684
0.15  0.73999999999999999  0.022105263157894735
0.2  0.66000000000000003  0.024210526315789474
0.25  1.0  0.040000000000000001
0.3  0.97999999999999998  0.045263157894736845
0.1  0.93999999999999995  0.0094736842105263164
0.15  1.0  0.025263157894736842
0.2  0.95999999999999996  0.022105263157894735
0.25  0.88  0.030526315789473683
0.3  0.88  0.052631578947368418
0.1  0.57999999999999996  0.011578947368421053
0.15  0.92000000000000004  0.010526315789473684
0.2  0.88  0.026315789473684209
0.25  0.78000000000000003  0.029473684210526315
0.3  1.0  0.043157894736842103
0.1  1.0  0.014736842105263158
0.15  1.0  0.029473684210526315
0.2  1.0  0.023157894736842106
0.25  0.95999999999999996  0.033684210526315789
0.3  1.0  0.046315789473684213
0.1  0.97999999999999998  0.018947368421052633
0.15  0.97999999999999998  0.01368421052631579
0.2  0.90000000000000002  0.024210526315789474
0.25  1.0  0.036842105263157891
0.3  0.97999999999999998  0.051578947368421051
0.1  0.81999999999999995  0.01368421052631579
0.15  0.92000000000000004  0.023157894736842106
0.2  1.0  0.022105263157894735
0.25  0.93999999999999995  0.035789473684210524
0.3  1.0  0.046315789473684213
0.1  0.97999999999999998  0.012631578947368421
0.15  0.90000000000000002  0.017894736842105262
0.2  0.83999999999999997  0.023157894736842106
0.25  0.92000000000000004  0.036842105263157891
0.3  1.0  0.042105263157894736
0.1  0.69999999999999996  0.018947368421052633
0.15  0.97999999999999998  0.014736842105263158
0.2  0.78000000000000003  0.038947368421052633
0.25  0.97999999999999998  0.031578947368421054
0.3  0.92000000000000004  0.048421052631578948
0.1  0.97999999999999998  0.023157894736842106
0.15  1.0  0.023157894736842106
0.2  1.0  0.029473684210526315
0.25  1.0  0.030526315789473683
0.3  0.95999999999999996  0.043157894736842103
0.1  0.97999999999999998  0.011578947368421053
0.15  0.85999999999999999  0.023157894736842106
0.2  0.69999999999999996  0.035789473684210524
0.25  1.0  0.036842105263157891
0.3  0.59999999999999998  0.033684210526315789
0.1  1.0  0.022105263157894735
0.15  0.90000000000000002  0.02
0.2  0.92000000000000004  0.025263157894736842
0.25  0.92000000000000004  0.030526315789473683
0.3  0.92000000000000004  0.052631578947368418
0.1  1.0  0.01368421052631579
0.15  0.81999999999999995  0.02
0.2  0.92000000000000004  0.028421052631578948
0.25  1.0  0.035789473684210524
0.3  0.81999999999999995  0.045263157894736845
0.1  1.0  0.011578947368421053
0.15  1.0  0.022105263157894735
0.2  0.88  0.02736842105263158
0.25  0.95999999999999996  0.030526315789473683
0.3  1.0  0.046315789473684213
0.1  0.40000000000000002  0.018947368421052633
0.15  0.69999999999999996  0.017894736842105262
0.2  1.0  0.026315789473684209
0.25  0.97999999999999998  0.043157894736842103
0.3  1.0  0.036842105263157891
0.1  0.76000000000000001  0.014736842105263158
0.15  1.0  0.024210526315789474
0.2  1.0  0.029473684210526315
0.25  0.93999999999999995  0.04736842105263158
0.3  0.95999999999999996  0.043157894736842103
0.1  1.0  0.017894736842105262
0.15  0.71999999999999997  0.018947368421052633
0.2  0.90000000000000002  0.021052631578947368
0.25  1.0  0.040000000000000001
0.3  1.0  0.046315789473684213
0.1  0.83999999999999997  0.021052631578947368
0.15  0.90000000000000002  0.012631578947368421
0.2  0.95999999999999996  0.033684210526315789
0.25  1.0  0.040000000000000001
0.3  1.0  0.044210526315789471
0.1  0.80000000000000004  0.012631578947368421
0.15  0.95999999999999996  0.023157894736842106
0.2  0.78000000000000003  0.026315789473684209
0.25  1.0  0.033684210526315789
0.3  0.81999999999999995  0.041052631578947368
0.1  0.90000000000000002  0.012631578947368421
0.15  0.92000000000000004  0.021052631578947368
0.2  0.85999999999999999  0.032631578947368421
0.25  0.83999999999999997  0.02736842105263158
0.3  0.71999999999999997  0.041052631578947368
0.1  0.73999999999999999  0.017894736842105262
0.15  1.0  0.021052631578947368
0.2  1.0  0.028421052631578948
0.25  0.73999999999999999  0.04736842105263158
0.3  1.0  0.045263157894736845
0.1  0.95999999999999996  0.0084210526315789472
0.15  0.81999999999999995  0.026315789473684209
0.2  0.54000000000000004  0.016842105263157894
0.25  0.97999999999999998  0.040000000000000001
0.3  1.0  0.04736842105263158
0.1  1.0  0.017894736842105262
0.15  0.76000000000000001  0.026315789473684209
0.2  0.78000000000000003  0.031578947368421054
0.25  0.90000000000000002  0.030526315789473683
0.3  0.97999999999999998  0.052631578947368418
0.1  1.0  0.018947368421052633
0.15  0.69999999999999996  0.028421052631578948
0.2  1.0  0.030526315789473683
0.25  1.0  0.040000000000000001
0.3  1.0  0.043157894736842103
0.1  0.97999999999999998  0.02736842105263158
0.15  0.92000000000000004  0.028421052631578948
0.2  0.92000000000000004  0.030526315789473683
0.25  1.0  0.031578947368421054
0.3  1.0  0.041052631578947368
0.1  0.90000000000000002  0.012631578947368421
0.15  0.62  0.025263157894736842
0.2  0.83999999999999997  0.033684210526315789
0.25  1.0  0.032631578947368421
0.3  0.97999999999999998  0.038947368421052633
0.1  0.90000000000000002  0.021052631578947368
0.15  0.71999999999999997  0.015789473684210527
0.2  1.0  0.025263157894736842
0.25  0.85999999999999999  0.030526315789473683
0.3  1.0  0.048421052631578948
0.1  0.92000000000000004  0.01368421052631579
0.15  0.97999999999999998  0.018947368421052633
0.2  0.93999999999999995  0.02736842105263158
0.25  0.71999999999999997  0.046315789473684213
0.3  1.0  0.045263157894736845
0.1  0.95999999999999996  0.017894736842105262
0.15  1.0  0.023157894736842106
0.2  0.88  0.026315789473684209
0.25  0.93999999999999995  0.037894736842105266
0.3  0.88  0.04736842105263158
0.1  0.85999999999999999  0.015789473684210527
0.15  1.0  0.016842105263157894
0.2  0.81999999999999995  0.024210526315789474
0.25  0.83999999999999997  0.036842105263157891
0.3  1.0  0.043157894736842103
0.1  0.88  0.012631578947368421
0.15  1.0  0.018947368421052633
0.2  0.90000000000000002  0.024210526315789474
0.25  0.92000000000000004  0.035789473684210524
0.3  1.0  0.048421052631578948
0.1  1.0  0.011578947368421053
0.15  1.0  0.02736842105263158
0.2  0.97999999999999998  0.024210526315789474
0.25  1.0  0.02736842105263158
0.3  0.78000000000000003  0.048421052631578948
0.1  0.88  0.011578947368421053
0.15  1.0  0.014736842105263158
0.2  1.0  0.026315789473684209
0.25  0.83999999999999997  0.030526315789473683
0.3  0.88  0.049473684210526316
0.1  0.78000000000000003  0.014736842105263158
0.15  0.95999999999999996  0.021052631578947368
0.2  0.85999999999999999  0.030526315789473683
0.25  0.97999999999999998  0.034736842105263156
0.3  0.78000000000000003  0.043157894736842103
0.1  0.66000000000000003  0.010526315789473684
0.15  1.0  0.016842105263157894
0.2  1.0  0.025263157894736842
0.25  1.0  0.052631578947368418
0.3  0.97999999999999998  0.05473684210526316
0.1  0.92000000000000004  0.017894736842105262
0.15  0.97999999999999998  0.023157894736842106
0.2  1.0  0.026315789473684209
0.25  0.97999999999999998  0.040000000000000001
0.3  0.76000000000000001  0.045263157894736845
0.1  0.52000000000000002  0.010526315789473684
0.15  0.97999999999999998  0.022105263157894735
0.2  0.59999999999999998  0.026315789473684209
0.25  0.69999999999999996  0.028421052631578948
0.3  0.92000000000000004  0.041052631578947368
0.1  1.0  0.010526315789473684
0.15  1.0  0.022105263157894735
0.2  0.90000000000000002  0.021052631578947368
0.25  1.0  0.029473684210526315
0.3  0.85999999999999999  0.055789473684210528
0.1  1.0  0.012631578947368421
0.15  0.78000000000000003  0.018947368421052633
0.2  0.80000000000000004  0.029473684210526315
0.25  0.90000000000000002  0.033684210526315789
0.3  0.69999999999999996  0.053684210526315793
0.1  0.97999999999999998  0.015789473684210527
0.15  0.97999999999999998  0.017894736842105262
0.2  0.88  0.029473684210526315
0.25  0.95999999999999996  0.028421052631578948
0.3  0.81999999999999995  0.040000000000000001
0.1  0.90000000000000002  0.016842105263157894
0.15  0.88  0.021052631578947368
0.2  0.69999999999999996  0.025263157894736842
0.25  1.0  0.033684210526315789
0.3  0.93999999999999995  0.038947368421052633
0.1  1.0  0.025263157894736842
0.15  1.0  0.016842105263157894
0.2  0.69999999999999996  0.030526315789473683
0.25  0.85999999999999999  0.033684210526315789
0.3  1.0  0.040000000000000001
0.1  0.76000000000000001  0.012631578947368421
0.15  0.81999999999999995  0.014736842105263158
0.2  0.92000000000000004  0.028421052631578948
0.25  0.80000000000000004  0.033684210526315789
0.3  0.97999999999999998  0.042105263157894736
0.1  0.90000000000000002  0.016842105263157894
0.15  1.0  0.018947368421052633
0.2  0.83999999999999997  0.018947368421052633
0.25  0.88  0.032631578947368421
0.3  0.90000000000000002  0.048421052631578948
0.1  0.64000000000000001  0.016842105263157894
0.15  1.0  0.014736842105263158
0.2  0.85999999999999999  0.022105263157894735
0.25  1.0  0.032631578947368421
0.3  1.0  0.052631578947368418
0.1  0.95999999999999996  0.011578947368421053
0.15  0.95999999999999996  0.016842105263157894
0.2  0.83999999999999997  0.02736842105263158
0.25  0.97999999999999998  0.030526315789473683
0.3  0.95999999999999996  0.055789473684210528
0.1  0.93999999999999995  0.02
0.15  1.0  0.025263157894736842
0.2  0.73999999999999999  0.024210526315789474
0.25  0.90000000000000002  0.035789473684210524
0.3  0.97999999999999998  0.048421052631578948
0.1  0.83999999999999997  0.021052631578947368
0.15  0.83999999999999997  0.024210526315789474
0.2  1.0  0.026315789473684209
0.25  0.78000000000000003  0.031578947368421054
0.3  0.90000000000000002  0.046315789473684213
0.1  0.66000000000000003  0.021052631578947368
0.15  0.95999999999999996  0.025263157894736842
0.2  0.93999999999999995  0.02
0.25  0.93999999999999995  0.038947368421052633
0.3  1.0  0.052631578947368418
0.1  0.81999999999999995  0.011578947368421053
0.15  0.97999999999999998  0.018947368421052633
0.2  0.81999999999999995  0.015789473684210527
0.25  0.97999999999999998  0.037894736842105266
0.3  1.0  0.043157894736842103
0.1  0.92000000000000004  0.01368421052631579
0.15  0.97999999999999998  0.016842105263157894
0.2  0.97999999999999998  0.021052631578947368
0.25  0.66000000000000003  0.040000000000000001
0.3  1.0  0.050526315789473683
