1  0.92000000000000004  0.096842105263157896
2  0.97999999999999998  0.015789473684210527
3  1.0  0.0
4  1.0  0.0021052631578947368
5  1.0  0.0
6  1.0  0.0
7  1.0  0.0
8  1.0  0.0
9  1.0  0.0
10  1.0  0.0
1  0.85999999999999999  0.061052631578947365
2  1.0  0.0
3  1.0  0.0
4  1.0  0.0
5  1.0  0.0
6  1.0  0.0
7  1.0  0.0
8  1.0  0.0
9  1.0  0.0
10  1.0  0.0
1  0.97999999999999998  0.005263157894736842
2  0.88  0.078947368421052627
3  1.0  0.0
4  1.0  0.0021052631578947368
5  1.0  0.0
6  1.0  0.0
7  1.0  0.0
8  1.0  0.0
9  1.0  0.0
10  1.0  0.0
1  0.97999999999999998  0.0010526315789473684
2  1.0  0.0021052631578947368
3  1.0  0.0
4  1.0  0.0
5  1.0  0.0
6  1.0  0.0
7  1.0  0.0
8  1.0  0.0
9  1.0  0.0
10  1.0  0.0
1  0.97999999999999998  0.035789473684210524
2  1.0  0.0
3  1.0  0.0
4  1.0  0.0
5  1.0  0.0
6  1.0  0.0
7  1.0  0.0
8  1.0  0.0
9  1.0  0.0
10  1.0  0.0
1  0.83999999999999997  0.1736842105263158
2  0.97999999999999998  0.048421052631578948
3  1.0  0.0
4  1.0  0.0
5  1.0  0.0010526315789473684
6  1.0  0.0
7  1.0  0.0
8  1.0  0.0
9  1.0  0.0
10  1.0  0.0
1  0.81999999999999995  0.13789473684210526
2  1.0  0.0
3  0.93999999999999995  0.028421052631578948
4  1.0  0.0
5  1.0  0.0
6  1.0  0.0
7  1.0  0.0
8  1.0  0.0
9  1.0  0.0
10  1.0  0.0
1  1.0  0.0021052631578947368
2  1.0  0.0
3  0.93999999999999995  0.025263157894736842
4  0.97999999999999998  0.0021052631578947368
5  1.0  0.0
6  1.0  0.0
7  1.0  0.0
8  1.0  0.0
9  1.0  0.0
10  1.0  0.0
1  0.95999999999999996  0.022105263157894735
2  1.0  0.0
3  0.97999999999999998  0.0010526315789473684
4  1.0  0.0
5  1.0  0.0
6  1.0  0.0
7  1.0  0.0
8  1.0  0.0
9  1.0  0.0
10  1.0  0.0
1  0.95999999999999996  0.073684210526315783
2  0.97999999999999998  0.030526315789473683
3  1.0  0.018947368421052633
4  1.0  0.0
5  1.0  0.0
6  1.0  0.0
7  1.0  0.0
8  1.0  0.0
9  1.0  0.0
10  1.0  0.0
1  1.0  0.0
2  1.0  0.0
3  1.0  0.0
4  1.0  0.0
5  1.0  0.0
6  1.0  0.0
7  1.0  0.0
8  1.0  0.0
9  1.0  0.0
10  1.0  0.0
1  0.80000000000000004  0.17052631578947369
2  0.97999999999999998  0.048421052631578948
3  1.0  0.0
4  1.0  0.0
5  1.0  0.0
6  1.0  0.0
7  1.0  0.0
8  1.0  0.0
9  1.0  0.0
10  1.0  0.0
1  0.92000000000000004  0.031578947368421054
2  1.0  0.0
3  0.97999999999999998  0.026315789473684209
4  1.0  0.0031578947368421052
5  1.0  0.0
6  1.0  0.0
7  1.0  0.0
8  1.0  0.0
9  1.0  0.0
10  1.0  0.0
1  0.88  0.20421052631578948
2  1.0  0.0
3  1.0  0.0
4  1.0  0.0
5  1.0  0.0
6  1.0  0.0
7  1.0  0.0
8  1.0  0.0
9  1.0  0.0
10  1.0  0.0
1  1.0  0.0021052631578947368
2  1.0  0.0
3  1.0  0.0
4  1.0  0.0
5  1.0  0.015789473684210527
6  1.0  0.0
7  1.0  0.0
8  1.0  0.0
9  1.0  0.0
10  1.0  0.0
1  0.97999999999999998  0.050526315789473683
2  1.0  0.011578947368421053
3  1.0  0.0
4  1.0  0.0
5  1.0  0.0031578947368421052
6  1.0  0.0
7  1.0  0.0
8  1.0  0.0
9  1.0  0.0
10  1.0  0.0
1  0.85999999999999999  0.080000000000000002
2  1.0  0.0
3  1.0  0.0
4  1.0  0.0
5  1.0  0.0
6  1.0  0.0
7  1.0  0.0
8  1.0  0.0
9  1.0  0.0
10  1.0  0.0
1  1.0  0.0
2  1.0  0.0
3  0.90000000000000002  0.018947368421052633
4  1.0  0.0
5  1.0  0.0
6  1.0  0.0
7  1.0  0.0
8  1.0  0.0
9  1.0  0.0
10  1.0  0.0
1  0.95999999999999996  0.016842105263157894
2  0.95999999999999996  0.048421052631578948
3  1.0  0.0
4  1.0  0.0
5  1.0  0.0
6  1.0  0.0
7  1.0  0.0
8  1.0  0.0
9  1.0  0.0
10  1.0  0.0
1  1.0  0.0
2  1.0  0.011578947368421053
3  1.0  0.0
4  1.0  0.0
5  1.0  0.0042105263157894736
6  1.0  0.0
7  1.0  0.0
8  1.0  0.0
9  1.0  0.0
10  1.0  0.0
1  1.0  0.0
2  0.95999999999999996  0.081052631578947362
3  1.0  0.0
4  1.0  0.0094736842105263164
5  1.0  0.0
6  1.0  0.0
7  1.0  0.0
8  1.0  0.0
9  1.0  0.0
10  1.0  0.0
1  1.0  0.016842105263157894
2  1.0  0.0
3  1.0  0.0
4  1.0  0.0
5  1.0  0.0
6  1.0  0.0
7  1.0  0.0
8  1.0  0.0
9  1.0  0.0
10  1.0  0.0
1  0.93999999999999995  0.032631578947368421
2  0.95999999999999996  0.04736842105263158
3  1.0  0.0084210526315789472
4  1.0  0.0
5  1.0  0.0
6  1.0  0.0010526315789473684
7  1.0  0.0
8  1.0  0.0
9  1.0  0.0
10  1.0  0.0
1  1.0  0.0
2  0.95999999999999996  0.045263157894736845
3  1.0  0.0094736842105263164
4  1.0  0.0084210526315789472
5  1.0  0.0
6  1.0  0.0
7  1.0  0.0
8  1.0  0.0
9  1.0  0.0
10  1.0  0.0
1  0.88  0.086315789473684207
2  1.0  0.0
3  1.0  0.0021052631578947368
4  1.0  0.0
5  1.0  0.0
6  1.0  0.0
7  1.0  0.0
8  1.0  0.0
9  1.0  0.0
10  1.0  0.0
1  0.92000000000000004  0.094736842105263161
2  1.0  0.0
3  0.97999999999999998  0.029473684210526315
4  1.0  0.0
5  1.0  0.0
6  1.0  0.0
7  1.0  0.0
8  1.0  0.0
9  1.0  0.0
10  1.0  0.0
1  0.97999999999999998  0.010526315789473684
2  0.92000000000000004  0.036842105263157891
3  1.0  0.0
4  1.0  0.0
5  1.0  0.0
6  1.0  0.0
7  1.0  0.0
8  1.0  0.0
9  1.0  0.0
10  1.0  0.0
1  0.95999999999999996  0.10526315789473684
2  0.88  0.067368421052631577
3  1.0  0.0
4  1.0  0.0
5  1.0  0.0
6  1.0  0.0
7  1.0  0.0
8  1.0  0.0
9  1.0  0.0
10  1.0  0.0
1  0.97999999999999998  0.017894736842105262
2  1.0  0.0
3  1.0  0.0
4  1.0  0.0
5  1.0  0.0
6  1.0  0.0
7  1.0  0.0
8  1.0  0.0
9  1.0  0.0
10  1.0  0.0
1  0.76000000000000001  0.20736842105263159
2  0.93999999999999995  0.036842105263157891
3  1.0  0.0
4  1.0  0.0
5  1.0  0.0
6  1.0  0.0
7  1.0  0.0
8  1.0  0.0
9  1.0  0.0
10  1.0  0.0
1  0.93999999999999995  0.041052631578947368
2  1.0  0.0
3  0.95999999999999996  0.034736842105263156
4  1.0  0.0
5  1.0  0.0
6  1.0  0.0
7  1.0  0.0
8  1.0  0.0
9  1.0  0.0
10  1.0  0.0
1  1.0  0.0
2  1.0  0.017894736842105262
3  1.0  0.0
4  1.0  0.0
5  1.0  0.0
6  1.0  0.0
7  1.0  0.0
8  1.0  0.0
9  1.0  0.0
10  1.0  0.0
1  0.90000000000000002  0.18526315789473685
2  1.0  0.0
3  1.0  0.0
4  1.0  0.0
5  1.0  0.0
6  1.0  0.0
7  1.0  0.0
8  1.0  0.0
9  1.0  0.0
10  1.0  0.0
1  0.81999999999999995  0.18105263157894738
2  1.0  0.0
3  1.0  0.0
4  0.97999999999999998  0.0031578947368421052
5  1.0  0.0
6  1.0  0.0
7  1.0  0.0
8  1.0  0.0
9  1.0  0.0
10  1.0  0.0
1  0.97999999999999998  0.046315789473684213
2  0.97999999999999998  0.041052631578947368
3  1.0  0.0010526315789473684
4  1.0  0.0
5  1.0  0.0
6  1.0  0.0
7  1.0  0.0
8  1.0  0.0
9  1.0  0.0
10  1.0  0.0
1  0.85999999999999999  0.11157894736842106
2  0.95999999999999996  0.031578947368421054
3  1.0  0.0010526315789473684
4  0.93999999999999995  0.028421052631578948
5  1.0  0.0
6  1.0  0.0
7  1.0  0.0
8  1.0  0.0
9  1.0  0.0
10  1.0  0.0
1  1.0  0.0
2  1.0  0.0
3  1.0  0.0
4  1.0  0.0
5  1.0  0.0
6  1.0  0.0
7  1.0  0.0
8  1.0  0.0
9  1.0  0.0
10  1.0  0.0
1  0.97999999999999998  0.035789473684210524
2  0.90000000000000002  0.044210526315789471
3  1.0  0.0010526315789473684
4  1.0  0.0
5  1.0  0.0
6  1.0  0.0
7  1.0  0.0
8  1.0  0.0
9  1.0  0.0
10  1.0  0.0
1  1.0  0.0
2  0.85999999999999999  0.093684210526315786
3  1.0  0.0042105263157894736
4  1.0  0.0
5  1.0  0.0
6  1.0  0.0
7  1.0  0.0
8  1.0  0.0
9  1.0  0.0
10  1.0  0.0
1  1.0  0.0
2  1.0  0.0
3  1.0  0.0
4  1.0  0.0
5  1.0  0.0
6  1.0  0.0
7  1.0  0.0
8  1.0  0.0
9  1.0  0.0
10  1.0  0.0
1  1.0  0.0
2  0.92000000000000004  0.13157894736842105
3  1.0  0.0084210526315789472
4  0.95999999999999996  0.030526315789473683
5  1.0  0.0
6  1.0  0.0
7  1.0  0.0042105263157894736
8  1.0  0.0
9  1.0  0.0
10  1.0  0.0
1  0.92000000000000004  0.049473684210526316
2  1.0  0.0
3  1.0  0.0
4  1.0  0.0
5  1.0  0.0
6  1.0  0.0
7  1.0  0.0
8  1.0  0.0
9  1.0  0.0
10  1.0  0.0
1  0.97999999999999998  0.050526315789473683
2  1.0  0.0
3  1.0  0.0
4  1.0  0.0
5  1.0  0.0
6  1.0  0.0
7  1.0  0.0
8  1.0  0.0
9  1.0  0.0
10  1.0  0.0
1  0.92000000000000004  0.088421052631578942
2  0.97999999999999998  0.0063157894736842104
3  1.0  0.0
4  1.0  0.0
5  1.0  0.0
6  1.0  0.0
7  1.0  0.0
8  1.0  0.0
9  1.0  0.0
10  1.0  0.0
1  1.0  0.0
2  0.95999999999999996  0.021052631578947368
3  1.0  0.0
4  1.0  0.0
5  1.0  0.0
6  1.0  0.0
7  1.0  0.0
8  1.0  0.0
9  1.0  0.0
10  1.0  0.0
1  1.0  0.0094736842105263164
2  1.0  0.0
3  1.0  0.011578947368421053
4  1.0  0.0
5  1.0  0.0
6  1.0  0.0
7  1.0  0.0
8  1.0  0.0
9  1.0  0.0
10  1.0  0.0
1  0.93999999999999995  0.078947368421052627
2  1.0  0.056842105263157895
3  1.0  0.0
4  0.97999999999999998  0.0042105263157894736
5  1.0  0.0
6  1.0  0.0
7  1.0  0.0
8  1.0  0.0
9  1.0  0.0
10  1.0  0.0
1  0.92000000000000004  0.10947368421052632
2  1.0  0.02
3  1.0  0.0021052631578947368
4  1.0  0.0
5  1.0  0.0
6  1.0  0.0
7  1.0  0.0
8  1.0  0.0
9  1.0  0.0
10  1.0  0.0
1  1.0  0.0042105263157894736
2  1.0  0.0
3  0.97999999999999998  0.01368421052631579
4  1.0  0.0
5  1.0  0.0
6  1.0  0.0
7  1.0  0.0
8  1.0  0.0
9  1.0  0.0
10  1.0  0.0
1  0.95999999999999996  0.038947368421052633
2  0.97999999999999998  0.075789473684210532
3  1.0  0.0
4  1.0  0.0
5  1.0  0.0
6  1.0  0.0
7  1.0  0.0
8  1.0  0.0
9  1.0  0.0
10  1.0  0.0
1  1.0  0.0
2  1.0  0.012631578947368421
3  0.97999999999999998  0.018947368421052633
4  1.0  0.0
5  1.0  0.0084210526315789472
6  1.0  0.0010526315789473684
7  1.0  0.0
8  1.0  0.0
9  1.0  0.0
10  1.0  0.0
1  0.95999999999999996  0.05473684210526316
2  1.0  0.0
3  1.0  0.0
4  1.0  0.0
5  1.0  0.0
6  1.0  0.0
7  1.0  0.0
8  1.0  0.0
9  1.0  0.0
10  1.0  0.0
1  0.92000000000000004  0.10210526315789474
2  0.95999999999999996  0.04736842105263158
3  1.0  0.0
4  1.0  0.0
5  1.0  0.0
6  1.0  0.0
7  1.0  0.0
8  1.0  0.0
9  1.0  0.0
10  1.0  0.0
1  0.97999999999999998  0.014736842105263158
2  1.0  0.0
3  1.0  0.0
4  1.0  0.0
5  1.0  0.0
6  1.0  0.0
7  1.0  0.0
8  1.0  0.0
9  1.0  0.0
10  1.0  0.0
1  1.0  0.0
2  1.0  0.0
3  1.0  0.0
4  1.0  0.0
5  1.0  0.0
6  1.0  0.0
7  1.0  0.0
8  1.0  0.0
9  1.0  0.0
10  1.0  0.0
1  1.0  0.0
2  0.93999999999999995  0.032631578947368421
3  1.0  0.0
4  1.0  0.0010526315789473684
5  1.0  0.0
6  1.0  0.0
7  1.0  0.0
8  1.0  0.0
9  1.0  0.0
10  1.0  0.0
1  0.85999999999999999  0.13368421052631579
2  1.0  0.0
3  1.0  0.0
4  1.0  0.0
5  1.0  0.0
6  1.0  0.0
7  1.0  0.0
8  1.0  0.0
9  1.0  0.0
10  1.0  0.0
1  0.90000000000000002  0.1031578947368421
2  1.0  0.015789473684210527
3  1.0  0.0
4  1.0  0.0
5  1.0  0.0
6  1.0  0.0
7  1.0  0.0
8  1.0  0.0
9  1.0  0.0
10  1.0  0.0
1  0.95999999999999996  0.0063157894736842104
2  0.93999999999999995  0.053684210526315793
3  1.0  0.0
4  1.0  0.0
5  1.0  0.0
6  1.0  0.0
7  1.0  0.0
8  1.0  0.0
9  1.0  0.0
10  1.0  0.0
1  1.0  0.0
2  1.0  0.052631578947368418
3  1.0  0.0
4  1.0  0.0
5  1.0  0.0
6  1.0  0.0
7  1.0  0.0
8  1.0  0.0
9  1.0  0.0
10  1.0  0.0
1  0.88  0.093684210526315786
2  0.88  0.095789473684210522
3  1.0  0.0
4  1.0  0.0
5  1.0  0.0
6  1.0  0.0
7  1.0  0.0
8  1.0  0.0
9  1.0  0.0
10  1.0  0.0
1  1.0  0.0
2  0.95999999999999996  0.0094736842105263164
3  0.95999999999999996  0.046315789473684213
4  1.0  0.0031578947368421052
5  1.0  0.0
6  1.0  0.0
7  1.0  0.0
8  1.0  0.0
9  1.0  0.0
10  1.0  0.0
1  0.83999999999999997  0.15684210526315789
2  0.83999999999999997  0.078947368421052627
3  0.97999999999999998  0.024210526315789474
4  1.0  0.0
5  1.0  0.0
6  1.0  0.0
7  1.0  0.0
8  1.0  0.0
9  1.0  0.0
10  1.0  0.0
1  1.0  0.0
2  0.97999999999999998  0.015789473684210527
3  1.0  0.0
4  1.0  0.0
5  1.0  0.0
6  1.0  0.0
7  1.0  0.0
8  1.0  0.0
9  1.0  0.0
10  1.0  0.0
1  0.83999999999999997  0.15578947368421053
2  0.97999999999999998  0.10210526315789474
3  1.0  0.0010526315789473684
4  1.0  0.0
5  1.0  0.0
6  1.0  0.0
7  1.0  0.0
8  1.0  0.0
9  1.0  0.0
10  1.0  0.0
1  0.93999999999999995  0.083157894736842111
2  0.93999999999999995  0.050526315789473683
3  1.0  0.0
4  1.0  0.0
5  1.0  0.0010526315789473684
6  1.0  0.0
7  1.0  0.0
8  1.0  0.0
9  1.0  0.0
10  1.0  0.0
1  0.92000000000000004  0.1463157894736842
2  1.0  0.0
3  1.0  0.0031578947368421052
4  1.0  0.0031578947368421052
5  1.0  0.0
6  1.0  0.0
7  1.0  0.0
8  1.0  0.0
9  1.0  0.0
10  1.0  0.0
1  1.0  0.0
2  1.0  0.0
3  1.0  0.0
4  1.0  0.0
5  1.0  0.0
6  1.0  0.0
7  1.0  0.0
8  1.0  0.0
9  1.0  0.0
10  1.0  0.0
1  0.78000000000000003  0.15368421052631578
2  1.0  0.0
3  1.0  0.036842105263157891
4  1.0  0.0
5  1.0  0.0
6  1.0  0.0
7  1.0  0.0
8  1.0  0.0
9  1.0  0.0
10  1.0  0.0
1  0.90000000000000002  0.12631578947368421
2  1.0  0.0
3  1.0  0.0
4  1.0  0.0
5  1.0  0.0
6  1.0  0.0010526315789473684
7  1.0  0.0
8  1.0  0.0
9  1.0  0.0
10  1.0  0.0
1  1.0  0.0
2  0.95999999999999996  0.063157894736842107
3  1.0  0.010526315789473684
4  1.0  0.0
5  1.0  0.0
6  1.0  0.0
7  1.0  0.0
8  1.0  0.0
9  1.0  0.0
10  1.0  0.0
1  1.0  0.0
2  0.88  0.11052631578947368
3  0.97999999999999998  0.050526315789473683
4  1.0  0.0
5  1.0  0.0
6  1.0  0.0
7  1.0  0.0
8  1.0  0.0
9  1.0  0.0
10  1.0  0.0
1  0.80000000000000004  0.14842105263157895
2  0.97999999999999998  0.0094736842105263164
3  0.97999999999999998  0.016842105263157894
4  1.0  0.0
5  1.0  0.0010526315789473684
6  1.0  0.0
7  1.0  0.0
8  1.0  0.0
9  1.0  0.0
10  1.0  0.0
1  1.0  0.0
2  1.0  0.0
3  1.0  0.0042105263157894736
4  1.0  0.0
5  1.0  0.0
6  1.0  0.0
7  1.0  0.0
8  1.0  0.0
9  1.0  0.0
10  1.0  0.0
1  1.0  0.0
2  1.0  0.0
3  1.0  0.0
4  1.0  0.0
5  1.0  0.0010526315789473684
6  1.0  0.0
7  1.0  0.0
8  1.0  0.0
9  1.0  0.0
10  1.0  0.0
1  0.97999999999999998  0.022105263157894735
2  1.0  0.0094736842105263164
3  1.0  0.0
4  1.0  0.0
5  1.0  0.0031578947368421052
6  0.97999999999999998  0.0
7  1.0  0.0
8  1.0  0.0
9  1.0  0.0
10  1.0  0.0
1  0.88  0.14947368421052631
2  1.0  0.010526315789473684
3  1.0  0.0042105263157894736
4  1.0  0.0
5  0.95999999999999996  0.0073684210526315788
6  0.97999999999999998  0.0031578947368421052
7  1.0  0.0
8  1.0  0.0
9  1.0  0.0
10  1.0  0.0
1  1.0  0.0031578947368421052
2  1.0  0.0
3  1.0  0.0010526315789473684
4  1.0  0.0
5  1.0  0.0
6  1.0  0.0
7  1.0  0.0
8  1.0  0.0
9  1.0  0.0
10  1.0  0.0
1  1.0  0.0
2  0.92000000000000004  0.043157894736842103
3  1.0  0.0
4  1.0  0.0
5  1.0  0.0
6  1.0  0.0
7  1.0  0.0
8  1.0  0.0
9  1.0  0.0
10  1.0  0.0
1  0.73999999999999999  0.17052631578947369
2  1.0  0.0
3  1.0  0.0
4  1.0  0.0
5  1.0  0.0
6  1.0  0.0
7  1.0  0.0
8  1.0  0.0
9  1.0  0.0
10  1.0  0.0
1  1.0  0.0010526315789473684
2  1.0  0.0021052631578947368
3  0.97999999999999998  0.02736842105263158
4  1.0  0.0
5  1.0  0.0
6  1.0  0.0021052631578947368
7  1.0  0.0
8  1.0  0.0
9  1.0  0.0
10  1.0  0.0
1  1.0  0.0
2  0.83999999999999997  0.094736842105263161
3  1.0  0.0
4  1.0  0.0
5  1.0  0.0
6  1.0  0.0
7  1.0  0.0
8  1.0  0.0
9  1.0  0.0
10  1.0  0.0
1  1.0  0.0
2  1.0  0.0
3  1.0  0.0
4  1.0  0.0031578947368421052
5  1.0  0.0
6  1.0  0.0
7  1.0  0.0
8  1.0  0.0
9  1.0  0.0
10  1.0  0.0
1  0.78000000000000003  0.19473684210526315
2  0.85999999999999999  0.050526315789473683
3  0.95999999999999996  0.010526315789473684
4  1.0  0.0
5  1.0  0.0
6  1.0  0.0
7  1.0  0.0
8  1.0  0.0
9  1.0  0.0
10  1.0  0.0
1  1.0  0.0
2  0.95999999999999996  0.012631578947368421
3  1.0  0.0
4  1.0  0.0
5  1.0  0.0
6  1.0  0.0
7  1.0  0.0
8  1.0  0.0
9  1.0  0.0
10  1.0  0.0
1  0.93999999999999995  0.028421052631578948
2  0.85999999999999999  0.11578947368421053
3  1.0  0.0
4  1.0  0.0042105263157894736
5  1.0  0.0021052631578947368
6  1.0  0.0
7  1.0  0.0
8  1.0  0.0
9  1.0  0.0
10  1.0  0.0
1  0.88  0.12842105263157894
2  1.0  0.0
3  1.0  0.0
4  1.0  0.0
5  1.0  0.0021052631578947368
6  1.0  0.0
7  1.0  0.0
8  1.0  0.0
9  1.0  0.0
10  1.0  0.0
1  0.78000000000000003  0.21473684210526317
2  1.0  0.0021052631578947368
3  1.0  0.0010526315789473684
4  1.0  0.0
5  1.0  0.0
6  1.0  0.0
7  1.0  0.0
8  1.0  0.0
9  1.0  0.0
10  1.0  0.0
1  1.0  0.0
2  1.0  0.0
3  1.0  0.0
4  1.0  0.0
5  1.0  0.0
6  1.0  0.0
7  1.0  0.0
8  1.0  0.0
9  1.0  0.0
10  1.0  0.0
1  1.0  0.0010526315789473684
2  1.0  0.0
3  1.0  0.0
4  0.93999999999999995  0.016842105263157894
5  1.0  0.0
6  1.0  0.0
7  1.0  0.0
8  1.0  0.0
9  1.0  0.0
10  1.0  0.0
1  1.0  0.0
2  1.0  0.0010526315789473684
3  1.0  0.0
4  1.0  0.0
5  1.0  0.0
6  1.0  0.0
7  1.0  0.0
8  1.0  0.0
9  1.0  0.0
10  1.0  0.0
1  1.0  0.0
2  1.0  0.0
3  1.0  0.0
4  1.0  0.0
5  1.0  0.0
6  1.0  0.0
7  1.0  0.0
8  1.0  0.0
9  1.0  0.0
10  1.0  0.0
1  0.71999999999999997  0.16631578947368422
2  0.92000000000000004  0.034736842105263156
3  1.0  0.0
4  1.0  0.0
5  1.0  0.0
6  1.0  0.0
7  1.0  0.0
8  1.0  0.0
9  1.0  0.0
10  1.0  0.0
1  1.0  0.0
2  0.95999999999999996  0.04736842105263158
3  1.0  0.0
4  1.0  0.0031578947368421052
5  1.0  0.0
6  1.0  0.0
7  1.0  0.0
8  1.0  0.0
9  1.0  0.0
10  1.0  0.0
1  0.92000000000000004  0.071578947368421048
2  0.93999999999999995  0.065263157894736842
3  1.0  0.0
4  0.93999999999999995  0.046315789473684213
5  1.0  0.0
6  1.0  0.0
7  1.0  0.0
8  1.0  0.0
9  1.0  0.0
10  1.0  0.0
1  0.88  0.096842105263157896
2  1.0  0.0
3  1.0  0.0
4  1.0  0.0
5  1.0  0.0
6  1.0  0.0
7  1.0  0.0
8  1.0  0.0
9  1.0  0.0
10  1.0  0.0
1  0.93999999999999995  0.098947368421052631
2  1.0  0.0
3  1.0  0.0
4  1.0  0.0
5  1.0  0.0
6  1.0  0.0
7  1.0  0.0
8  1.0  0.0
9  1.0  0.0
10  1.0  0.0
1  1.0  0.02
2  0.95999999999999996  0.029473684210526315
3  1.0  0.0
4  1.0  0.0031578947368421052
5  1.0  0.0
6  1.0  0.0
7  1.0  0.0
8  1.0  0.0
9  1.0  0.0
10  1.0  0.0
1  1.0  0.0031578947368421052
2  1.0  0.0
3  1.0  0.0
4  1.0  0.012631578947368421
5  1.0  0.0
6  1.0  0.0
7  1.0  0.0
8  1.0  0.0
9  1.0  0.0
10  1.0  0.0
1  0.88  0.16421052631578947
2  0.95999999999999996  0.057894736842105263
3  1.0  0.0
4  1.0  0.0
5  1.0  0.0
6  1.0  0.0
7  1.0  0.0
8  1.0  0.0
9  1.0  0.0
10  1.0  0.0
