2  0.97999999999999998  0.0
3  0.99199999999999999  0.0012631578947368421
4  1.0  0.0
5  1.0  0.0
6  1.0  0.0012631578947368421
2  0.97799999999999998  0.0011578947368421054
3  1.0  0.00042105263157894739
4  1.0  0.00010526315789473685
5  1.0  0.0
6  1.0  0.0022105263157894735
2  0.97399999999999998  0.00073684210526315792
3  0.998  0.00031578947368421053
4  1.0  0.0
5  0.998  0.0
6  1.0  0.00031578947368421053
2  0.96399999999999997  0.0
3  0.996  0.0016842105263157896
4  1.0  0.0002105263157894737
5  1.0  0.0034736842105263159
6  1.0  0.00073684210526315792
2  0.96599999999999997  0.0
3  1.0  0.0
4  0.998  0.0010526315789473684
5  1.0  0.0002105263157894737
6  1.0  0.00010526315789473685
2  0.97399999999999998  0.0
3  1.0  0.0
4  0.998  0.0
5  1.0  0.0
6  1.0  0.0011578947368421054
2  0.98799999999999999  0.0
3  0.99399999999999999  0.0
4  1.0  0.00042105263157894739
5  1.0  0.00031578947368421053
6  1.0  0.0
2  0.96599999999999997  0.00073684210526315792
3  0.996  0.00031578947368421053
4  1.0  0.0010526315789473684
5  1.0  0.0018947368421052631
6  1.0  0.00094736842105263154
2  0.96399999999999997  0.0
3  1.0  0.0
4  0.998  0.0005263157894736842
5  1.0  0.0
6  1.0  0.0002105263157894737
2  0.96599999999999997  0.0
3  0.996  0.00063157894736842106
4  1.0  0.0
5  1.0  0.0
6  1.0  0.00073684210526315792
