2  0.0  0.0
3  1.0  0.0
4  0.0  0.0
5  0.0  0.0
6  0.0  0.0
2  1.0  0.0
3  0.0  0.0
4  0.0  0.0
5  0.0  0.0
6  0.0  0.0
2  0.0  0.0
3  1.0  0.0
4  1.0  0.0
5  0.0  0.0
6  1.0  0.0
2  0.0  0.0
3  0.98799999999999999  0.0
4  0.0  0.0
5  1.0  0.0
6  1.0  0.0
2  0.17799999999999999  0.0
3  1.0  0.0
4  0.0  0.0
5  1.0  0.0
6  1.0  0.0
2  1.0  0.0
3  0.0  0.0
4  0.0  0.0
5  1.0  0.0
6  1.0  0.0
2  0.0  0.0
3  1.0  0.0
4  0.0  0.0
5  1.0  0.0
6  1.0  0.0
2  0.0  0.0
3  1.0  0.0
4  1.0  0.0
5  0.0  0.0
6  1.0  0.0
2  0.0  0.0
3  1.0  0.0
4  0.21199999999999999  0.0
5  0.0  0.0
6  0.0  0.0
2  0.0  0.0
3  0.0  0.0
4  0.0  0.0
5  1.0  0.0
6  1.0  0.0
2  0.0  0.0
3  1.0  0.0
4  1.0  0.0
5  0.0  0.0
6  0.0  0.0
2  0.0  0.0
3  1.0  0.0
4  1.0  0.0
5  0.0  0.0
6  1.0  0.0
2  0.0  0.0
3  0.0  0.0
4  1.0  0.0
5  0.0  0.0
6  0.0  0.0
2  0.0  0.0
3  0.0  0.0
4  0.89600000000000002  0.0
5  0.0  0.0
6  1.0  0.0
2  0.0  0.0
3  0.0  0.0
4  0.0  0.0
5  0.0  0.0
6  1.0  0.0
2  1.0  0.0
3  0.0  0.0
4  0.0  0.0
5  0.0  0.0
6  0.0  0.0
2  0.0  0.0
3  1.0  0.0
4  0.0  0.0
5  0.63600000000000001  0.0
6  1.0  0.0
2  1.0  0.0
3  0.0  0.0
4  0.99399999999999999  0.0
5  0.0  0.0
6  1.0  0.0
2  0.0  0.0
3  0.0  0.0
4  0.0  0.0
5  1.0  0.0
6  0.14199999999999999  0.0
2  0.0  0.0
3  1.0  0.0
4  0.0  0.0
5  1.0  0.0
6  0.0  0.0
2  1.0  0.0
3  0.0  0.0
4  1.0  0.0
5  0.0  0.0
6  1.0  0.0
2  1.0  0.0
3  1.0  0.0
4  1.0  0.0
5  1.0  0.0
6  1.0  0.0
2  0.0  0.0
3  0.0  0.0
4  0.0  0.0
5  0.0  0.0
6  0.0  0.0
2  0.0  0.0
3  1.0  0.0
4  0.0  0.0
5  1.0  0.0
6  1.0  0.0
2  0.0  0.0
3  0.0  0.0
4  0.0  0.0
5  1.0  0.0
6  1.0  0.0
2  0.0  0.0
3  0.0  0.0
4  0.0  0.0
5  1.0  0.0
6  1.0  0.0
2  0.0  0.0
3  1.0  0.0
4  1.0  0.0
5  1.0  0.0
6  1.0  0.0
2  0.0  0.0
3  0.0  0.0
4  1.0  0.0
5  0.22  0.0
6  1.0  0.0
2  0.0  0.0
3  1.0  0.0
4  0.0  0.0
5  0.0  0.0
6  0.0  0.0
2  0.0  0.0
3  1.0  0.0
4  1.0  0.0
5  0.63  0.0
6  1.0  0.0
2  1.0  0.0
3  1.0  0.0
4  0.0  0.0
5  1.0  0.0
6  1.0  0.0
2  0.0  0.0
3  0.0  0.0
4  0.0  0.0
5  0.0  0.0
6  0.0  0.0
2  0.0  0.0
3  0.0  0.0
4  0.0  0.0
5  1.0  0.0
6  1.0  0.0
2  0.0  0.0
3  1.0  0.0
4  1.0  0.0
5  1.0  0.0
6  1.0  0.0
2  0.0  0.0
3  1.0  0.0
4  1.0  0.0
5  1.0  0.0
6  1.0  0.0
2  0.51800000000000002  0.0
3  0.0  0.0
4  1.0  0.0
5  0.48799999999999999  0.0
6  1.0  0.0
2  0.0  0.0
3  0.0  0.0
4  0.0  0.0
5  1.0  0.0
6  0.098000000000000004  0.0
2  0.0  0.0
3  0.0  0.0
4  0.99199999999999999  0.0
5  0.67400000000000004  0.0
6  1.0  0.0
2  1.0  0.0
3  0.0  0.0
4  0.0  0.0
5  0.0  0.0
6  1.0  0.0
2  0.0  0.0
3  0.0  0.0
4  0.0  0.0
5  1.0  0.0
6  0.0  0.0
2  0.0  0.0
3  0.0  0.0
4  0.0  0.0
5  1.0  0.0
6  1.0  0.0
2  0.0  0.0
3  1.0  0.0
4  1.0  0.0
5  1.0  0.0
6  0.0  0.0
2  1.0  0.0
3  0.0  0.0
4  0.0  0.0
5  1.0  0.0
6  1.0  0.0
2  0.0  0.0
3  0.0  0.0
4  1.0  0.0
5  0.0  0.0
6  0.0  0.0
2  0.0  0.0
3  0.0  0.0
4  0.0  0.0
5  0.0  0.0
6  1.0  0.0
2  1.0  0.0
3  1.0  0.0
4  0.0  0.0
5  0.0  0.0
6  1.0  0.0
2  0.0  0.0
3  0.0  0.0
4  1.0  0.0
5  0.0  0.0
6  1.0  0.0
2  0.0  0.0
3  1.0  0.0
4  0.0  0.0
5  1.0  0.0
6  0.0  0.0
2  0.152  0.0
3  0.0  0.0
4  0.051999999999999998  0.0
5  0.0  0.0
6  1.0  0.0
2  0.0  0.0
3  0.0  0.0
4  1.0  0.0
5  0.0  0.0
6  1.0  0.0
2  1.0  0.0
3  1.0  0.0
4  1.0  0.0
5  0.0  0.0
6  1.0  0.0
2  0.0  0.0
3  0.0  0.0
4  0.0  0.0
5  1.0  0.0
6  0.0  0.0
2  0.0  0.0
3  1.0  0.0
4  0.0  0.0
5  0.0  0.0
6  0.0  0.0
2  0.0  0.0
3  0.0  0.0
4  1.0  0.0
5  1.0  0.0
6  0.0  0.0
2  0.0  0.0
3  1.0  0.0
4  1.0  0.0
5  1.0  0.0
6  1.0  0.0
2  0.0  0.0
3  1.0  0.0
4  0.0  0.0
5  0.0  0.0
6  1.0  0.0
2  0.0  0.0
3  1.0  0.0
4  1.0  0.0
5  0.0  0.0
6  0.0  0.0
2  1.0  0.0
3  0.0  0.0
4  1.0  0.0
5  0.0  0.0
6  1.0  0.0
2  0.0  0.0
3  0.0  0.0
4  1.0  0.0
5  0.998  0.0
6  0.26000000000000001  0.0
2  0.0  0.0
3  0.0  0.0
4  0.0  0.0
5  0.0  0.0
6  0.0  0.0
2  0.0  0.0
3  0.0  0.0
4  1.0  0.0
5  1.0  0.0
6  1.0  0.0
2  0.0  0.0
3  1.0  0.0
4  0.78600000000000003  0.0
5  0.0  0.0
6  1.0  0.0
2  1.0  0.0
3  1.0  0.0
4  1.0  0.0
5  0.0  0.0
6  0.0  0.0
2  0.0  0.0
3  0.156  0.0
4  0.0  0.0
5  0.0  0.0
6  1.0  0.0
2  0.0  0.0
3  0.0  0.0
4  1.0  0.0
5  0.0  0.0
6  0.98599999999999999  0.0
2  1.0  0.0
3  1.0  0.0
4  1.0  0.0
5  0.0  0.0
6  1.0  0.0
2  0.0  0.0
3  0.0  0.0
4  0.55600000000000005  0.0
5  0.748  0.0
6  1.0  0.0
2  1.0  0.0
3  0.0  0.0
4  1.0  0.0
5  0.53200000000000003  0.0
6  1.0  0.0
2  0.0  0.0
3  0.0  0.0
4  0.012  0.0
5  1.0  0.0
6  0.0  0.0
2  0.0  0.0
3  1.0  0.0
4  1.0  0.0
5  0.0  0.0
6  0.098000000000000004  0.0
2  0.0  0.0
3  1.0  0.0
4  0.0  0.0
5  1.0  0.0
6  1.0  0.0
2  0.0  0.0
3  0.0  0.0
4  0.0  0.0
5  0.0  0.0
6  0.0  0.0
2  1.0  0.0
3  0.0  0.0
4  1.0  0.0
5  0.0  0.0
6  1.0  0.0
2  0.0  0.0
3  0.0  0.0
4  0.0  0.0
5  0.0  0.0
6  1.0  0.0
2  0.0  0.0
3  0.0  0.0
4  0.0  0.0
5  0.0  0.0
6  1.0  0.0
2  0.0  0.0
3  0.0  0.0
4  0.0  0.0
5  0.0  0.0
6  1.0  0.0
2  0.0  0.0
3  0.0  0.0
4  0.0  0.0
5  0.0  0.0
6  1.0  0.0
2  0.0  0.0
3  0.0  0.0
4  0.0  0.0
5  1.0  0.0
6  0.0  0.0
2  0.0  0.0
3  1.0  0.0
4  0.0  0.0
5  0.0  0.0
6  0.0  0.0
2  0.0  0.0
3  0.0  0.0
4  0.0  0.0
5  1.0  0.0
6  0.0  0.0
2  1.0  0.0
3  0.0  0.0
4  0.73799999999999999  0.0
5  0.0  0.0
6  1.0  0.0
2  0.0  0.0
3  0.0  0.0
4  1.0  0.0
5  1.0  0.0
6  1.0  0.0
2  0.0  0.0
3  1.0  0.0
4  0.0  0.0
5  1.0  0.0
6  0.0  0.0
2  0.0  0.0
3  1.0  0.0
4  0.0  0.0
5  1.0  0.0
6  1.0  0.0
2  0.0  0.0
3  1.0  0.0
4  0.0  0.0
5  1.0  0.0
6  1.0  0.0
2  0.0  0.0
3  0.0  0.0
4  1.0  0.0
5  0.0  0.0
6  1.0  0.0
2  0.0  0.0
3  1.0  0.0
4  1.0  0.0
5  0.0  0.0
6  1.0  0.0
2  1.0  0.0
3  0.0  0.0
4  0.56599999999999995  0.0
5  1.0  0.0
6  1.0  0.0
2  1.0  0.0
3  0.0  0.0
4  0.0  0.0
5  0.0  0.0
6  1.0  0.0
2  0.0  0.0
3  1.0  0.0
4  0.021999999999999999  0.0
5  0.0  0.0
6  1.0  0.0
2  1.0  0.0
3  0.0  0.0
4  1.0  0.0
5  0.0  0.0
6  1.0  0.0
2  1.0  0.0
3  0.0  0.0
4  0.0  0.0
5  1.0  0.0
6  0.0  0.0
2  0.0  0.0
3  0.0  0.0
4  1.0  0.0
5  1.0  0.0
6  1.0  0.0
2  0.0  0.0
3  0.996  0.0
4  0.0  0.0
5  0.72199999999999998  0.0
6  1.0  0.0
2  1.0  0.0
3  1.0  0.0
4  1.0  0.0
5  0.91200000000000003  0.0
6  1.0  0.0
2  0.091999999999999998  0.0
3  0.0  0.0
4  0.0  0.0
5  0.998  0.0
6  1.0  0.0
2  1.0  0.0
3  1.0  0.0
4  0.0  0.0
5  0.002  0.0
6  1.0  0.0
2  0.0  0.0
3  1.0  0.0
4  1.0  0.0
5  1.0  0.0
6  0.0  0.0
2  1.0  0.0
3  0.0  0.0
4  0.0  0.0
5  1.0  0.0
6  1.0  0.0
2  0.0  0.0
3  0.0  0.0
4  1.0  0.0
5  0.998  0.0
6  0.0  0.0
