2  0.25600000000000001  0.0
3  0.042000000000000003  0.0
4  0.002  0.0
5  1.0  0.0
6  0.58799999999999997  0.0
2  1.0  0.0
3  0.0  0.0
4  1.0  0.0
5  0.996  0.0
6  1.0  0.0
2  0.0  0.0
3  0.0  0.0
4  1.0  0.0
5  0.021999999999999999  0.0
6  0.0  0.0
2  0.0  0.0
3  1.0  0.0
4  1.0  0.0
5  0.0  0.0
6  0.0  0.0
2  1.0  0.0
3  1.0  0.0
4  0.0  0.0
5  0.99399999999999999  0.0
6  0.0  0.0
2  0.82599999999999996  0.0
3  0.19800000000000001  0.0
4  0.002  0.0
5  0.25800000000000001  0.0
6  0.81999999999999995  0.0
2  1.0  0.0
3  0.0  0.0
4  1.0  0.0
5  0.0  0.0
6  0.91400000000000003  0.0
2  1.0  0.0
3  0.016  0.0
4  1.0  0.0
5  0.0  0.0
6  0.622  0.0
2  1.0  0.0
3  0.0  0.0
4  1.0  0.0
5  0.0  0.0
6  0.0  0.0
2  0.86599999999999999  0.0
3  0.14199999999999999  0.0
4  0.0  0.0
5  0.0  0.0
6  1.0  0.0
