1  0.90000000000000002  0.087368421052631581
3  1.0  0.0
5  1.0  0.0
7  1.0  0.0
9  1.0  0.0010526315789473684
1  1.0  0.0
3  0.95999999999999996  0.075789473684210532
5  1.0  0.0
7  1.0  0.0
9  1.0  0.0010526315789473684
1  1.0  0.0021052631578947368
3  1.0  0.0
5  1.0  0.0
7  1.0  0.0
9  1.0  0.0
1  1.0  0.0
3  1.0  0.0
5  1.0  0.0
7  1.0  0.0
9  1.0  0.0
1  1.0  0.0
3  0.90000000000000002  0.034736842105263156
5  1.0  0.0
7  1.0  0.0
9  1.0  0.0
1  0.90000000000000002  0.10736842105263159
3  1.0  0.0
5  1.0  0.0
7  1.0  0.0
9  1.0  0.0031578947368421052
1  0.93999999999999995  0.070526315789473687
3  1.0  0.011578947368421053
5  1.0  0.0
7  1.0  0.0
9  1.0  0.0
1  0.97999999999999998  0.0063157894736842104
3  1.0  0.0
5  1.0  0.0
7  1.0  0.0094736842105263164
9  1.0  0.0
1  1.0  0.0
3  1.0  0.0
5  1.0  0.0
7  1.0  0.0010526315789473684
9  1.0  0.0
1  0.97999999999999998  0.036842105263157891
3  1.0  0.0
5  1.0  0.0010526315789473684
7  1.0  0.0
9  1.0  0.0
1  0.95999999999999996  0.0031578947368421052
3  1.0  0.0031578947368421052
5  1.0  0.005263157894736842
7  1.0  0.0
9  1.0  0.0
1  1.0  0.0021052631578947368
3  1.0  0.0
5  1.0  0.0010526315789473684
7  1.0  0.0
9  1.0  0.0
1  1.0  0.0
3  1.0  0.0
5  0.95999999999999996  0.045263157894736845
7  1.0  0.0
9  1.0  0.0021052631578947368
1  0.92000000000000004  0.024210526315789474
3  0.97999999999999998  0.0073684210526315788
5  0.85999999999999999  0.045263157894736845
7  1.0  0.0
9  1.0  0.0
1  1.0  0.0
3  1.0  0.0
5  1.0  0.005263157894736842
7  1.0  0.0
9  1.0  0.0
1  1.0  0.0
3  1.0  0.0
5  1.0  0.012631578947368421
7  1.0  0.0
9  1.0  0.0
1  1.0  0.0
3  0.85999999999999999  0.084210526315789472
5  1.0  0.012631578947368421
7  1.0  0.0
9  1.0  0.0
1  1.0  0.0
3  1.0  0.0
5  1.0  0.0
7  1.0  0.0
9  1.0  0.0
1  0.88  0.06210526315789474
3  1.0  0.025263157894736842
5  1.0  0.0
7  1.0  0.0021052631578947368
9  1.0  0.0
1  0.92000000000000004  0.067368421052631577
3  1.0  0.0
5  1.0  0.0
7  0.97999999999999998  0.010526315789473684
9  0.97999999999999998  0.012631578947368421
1  0.88  0.14526315789473684
3  1.0  0.0
5  0.95999999999999996  0.016842105263157894
7  1.0  0.0
9  1.0  0.0
1  1.0  0.0073684210526315788
3  1.0  0.0
5  1.0  0.0
7  0.95999999999999996  0.022105263157894735
9  1.0  0.0
1  0.90000000000000002  0.18947368421052632
3  1.0  0.011578947368421053
5  0.97999999999999998  0.0063157894736842104
7  1.0  0.0
9  1.0  0.0
1  1.0  0.0042105263157894736
3  1.0  0.0
5  0.90000000000000002  0.065263157894736842
7  1.0  0.0
9  1.0  0.0
1  0.97999999999999998  0.02
3  0.95999999999999996  0.055789473684210528
5  1.0  0.0
7  1.0  0.0
9  1.0  0.0
1  1.0  0.0
3  0.93999999999999995  0.032631578947368421
5  1.0  0.0010526315789473684
7  1.0  0.0
9  1.0  0.0021052631578947368
1  0.95999999999999996  0.15157894736842106
3  1.0  0.0
5  0.97999999999999998  0.014736842105263158
7  1.0  0.0
9  1.0  0.0
1  0.97999999999999998  0.10947368421052632
3  1.0  0.0031578947368421052
5  1.0  0.0
7  1.0  0.0
9  1.0  0.0
1  0.92000000000000004  0.12421052631578948
3  0.95999999999999996  0.032631578947368421
5  1.0  0.0021052631578947368
7  1.0  0.0
9  1.0  0.0
1  1.0  0.0
3  1.0  0.0
5  1.0  0.0
7  1.0  0.0
9  1.0  0.0
1  0.85999999999999999  0.10947368421052632
3  1.0  0.0
5  1.0  0.0
7  1.0  0.0
9  1.0  0.0
1  1.0  0.0
3  1.0  0.0
5  1.0  0.0
7  1.0  0.0
9  1.0  0.0
1  0.92000000000000004  0.088421052631578942
3  0.92000000000000004  0.05473684210526316
5  1.0  0.0
7  1.0  0.0
9  1.0  0.0
1  0.95999999999999996  0.043157894736842103
3  1.0  0.0
5  0.95999999999999996  0.02
7  1.0  0.0
9  1.0  0.0042105263157894736
1  1.0  0.0
3  0.95999999999999996  0.066315789473684217
5  1.0  0.0
7  1.0  0.0042105263157894736
9  1.0  0.0
1  1.0  0.0
3  1.0  0.0
5  0.97999999999999998  0.032631578947368421
7  1.0  0.0
9  1.0  0.0
1  1.0  0.0042105263157894736
3  1.0  0.011578947368421053
5  1.0  0.0
7  0.95999999999999996  0.011578947368421053
9  1.0  0.0
1  0.90000000000000002  0.1368421052631579
3  0.97999999999999998  0.0010526315789473684
5  1.0  0.0
7  1.0  0.0
9  1.0  0.0
1  0.95999999999999996  0.061052631578947365
3  0.92000000000000004  0.073684210526315783
5  0.97999999999999998  0.021052631578947368
7  1.0  0.0
9  1.0  0.0
1  0.97999999999999998  0.041052631578947368
3  1.0  0.0
5  1.0  0.0
7  1.0  0.0
9  1.0  0.0
1  1.0  0.0010526315789473684
3  1.0  0.0
5  1.0  0.0
7  1.0  0.0
9  1.0  0.0
1  1.0  0.0
3  0.95999999999999996  0.065263157894736842
5  1.0  0.0
7  1.0  0.0
9  1.0  0.0
1  0.90000000000000002  0.091578947368421051
3  1.0  0.0063157894736842104
5  1.0  0.0
7  1.0  0.0
9  1.0  0.0
1  0.95999999999999996  0.031578947368421054
3  1.0  0.0
5  1.0  0.0
7  1.0  0.0084210526315789472
9  1.0  0.0
1  0.93999999999999995  0.037894736842105266
3  1.0  0.0
5  0.92000000000000004  0.052631578947368418
7  1.0  0.0
9  1.0  0.0
1  0.95999999999999996  0.056842105263157895
3  1.0  0.0
5  1.0  0.0
7  1.0  0.0
9  1.0  0.0
1  1.0  0.0021052631578947368
3  1.0  0.0
5  0.97999999999999998  0.026315789473684209
7  1.0  0.0073684210526315788
9  1.0  0.0
1  1.0  0.0
3  1.0  0.0
5  1.0  0.0
7  1.0  0.0010526315789473684
9  1.0  0.0
1  1.0  0.0
3  1.0  0.0
5  1.0  0.0021052631578947368
7  1.0  0.0
9  1.0  0.0
1  0.95999999999999996  0.11894736842105263
3  0.95999999999999996  0.066315789473684217
5  1.0  0.0
7  1.0  0.0
9  1.0  0.0010526315789473684
1  1.0  0.0010526315789473684
3  1.0  0.0
5  1.0  0.0
7  1.0  0.0
9  1.0  0.0
1  1.0  0.0
3  1.0  0.0073684210526315788
5  1.0  0.0
7  1.0  0.0
9  1.0  0.0
1  0.97999999999999998  0.02736842105263158
3  1.0  0.0094736842105263164
5  1.0  0.0063157894736842104
7  1.0  0.0
9  1.0  0.0
1  0.85999999999999999  0.12210526315789473
3  1.0  0.0042105263157894736
5  1.0  0.0
7  1.0  0.0
9  1.0  0.0
1  0.81999999999999995  0.1168421052631579
3  1.0  0.0
5  0.97999999999999998  0.029473684210526315
7  1.0  0.0010526315789473684
9  1.0  0.0
1  0.92000000000000004  0.11789473684210526
3  1.0  0.014736842105263158
5  1.0  0.0
7  1.0  0.0
9  1.0  0.0
1  0.95999999999999996  0.015789473684210527
3  1.0  0.0
5  1.0  0.0021052631578947368
7  1.0  0.0
9  1.0  0.0
1  1.0  0.0010526315789473684
3  1.0  0.0
5  1.0  0.0
7  1.0  0.0010526315789473684
9  1.0  0.0
1  1.0  0.0
3  1.0  0.0
5  1.0  0.0
7  1.0  0.0
9  1.0  0.0
1  0.81999999999999995  0.17684210526315788
3  1.0  0.0
5  1.0  0.0
7  1.0  0.0
9  1.0  0.0
1  0.92000000000000004  0.061052631578947365
3  1.0  0.0
5  1.0  0.0010526315789473684
7  1.0  0.0
9  1.0  0.0
1  0.73999999999999999  0.21052631578947367
3  1.0  0.0
5  1.0  0.0
7  1.0  0.0
9  1.0  0.0
1  0.83999999999999997  0.16842105263157894
3  1.0  0.0
5  1.0  0.0
7  1.0  0.0
9  1.0  0.0
1  1.0  0.0
3  1.0  0.0
5  1.0  0.0
7  1.0  0.0
9  1.0  0.0
1  1.0  0.0021052631578947368
3  1.0  0.0
5  1.0  0.0010526315789473684
7  1.0  0.0
9  1.0  0.0
1  0.97999999999999998  0.033684210526315789
3  0.97999999999999998  0.0021052631578947368
5  1.0  0.0
7  1.0  0.0
9  1.0  0.0
1  1.0  0.0
3  1.0  0.0
5  0.97999999999999998  0.0021052631578947368
7  1.0  0.0
9  1.0  0.0
1  0.93999999999999995  0.038947368421052633
3  1.0  0.0
5  1.0  0.0042105263157894736
7  1.0  0.0
9  1.0  0.0
1  0.93999999999999995  0.024210526315789474
3  1.0  0.0
5  1.0  0.0
7  1.0  0.0
9  1.0  0.0
1  1.0  0.0
3  1.0  0.005263157894736842
5  1.0  0.0
7  1.0  0.0
9  1.0  0.0
1  1.0  0.0
3  1.0  0.0
5  1.0  0.0
7  1.0  0.0
9  1.0  0.0
1  1.0  0.015789473684210527
3  1.0  0.0
5  1.0  0.0
7  0.95999999999999996  0.02
9  1.0  0.0
1  1.0  0.0
3  0.92000000000000004  0.041052631578947368
5  1.0  0.0
7  1.0  0.0010526315789473684
9  1.0  0.0
1  0.81999999999999995  0.11789473684210526
3  1.0  0.0010526315789473684
5  1.0  0.0
7  1.0  0.0
9  1.0  0.0
1  1.0  0.0
3  1.0  0.0
5  1.0  0.0
7  1.0  0.0
9  1.0  0.0
1  1.0  0.0
3  1.0  0.0031578947368421052
5  1.0  0.0
7  1.0  0.0
9  1.0  0.0
1  1.0  0.0031578947368421052
3  1.0  0.0094736842105263164
5  1.0  0.0
7  1.0  0.0
9  1.0  0.0
1  1.0  0.0
3  1.0  0.0
5  1.0  0.0042105263157894736
7  0.97999999999999998  0.018947368421052633
9  1.0  0.0
1  0.90000000000000002  0.10526315789473684
3  1.0  0.0
5  0.97999999999999998  0.0042105263157894736
7  1.0  0.0
9  1.0  0.0
1  1.0  0.0
3  1.0  0.0
5  1.0  0.0
7  1.0  0.0
9  1.0  0.0
1  0.97999999999999998  0.076842105263157892
3  0.97999999999999998  0.023157894736842106
5  1.0  0.0
7  1.0  0.0063157894736842104
9  1.0  0.0
1  1.0  0.0021052631578947368
3  0.92000000000000004  0.050526315789473683
5  1.0  0.0
7  1.0  0.0
9  0.97999999999999998  0.0
1  1.0  0.0
3  0.90000000000000002  0.050526315789473683
5  1.0  0.0
7  1.0  0.014736842105263158
9  1.0  0.0
1  1.0  0.0
3  1.0  0.016842105263157894
5  0.95999999999999996  0.048421052631578948
7  1.0  0.0
9  1.0  0.0
1  0.83999999999999997  0.18842105263157893
3  1.0  0.0
5  1.0  0.0
7  1.0  0.0
9  1.0  0.0
1  1.0  0.04736842105263158
3  0.92000000000000004  0.048421052631578948
5  1.0  0.0
7  1.0  0.0021052631578947368
9  1.0  0.0
1  1.0  0.0
3  1.0  0.0042105263157894736
5  1.0  0.0
7  1.0  0.0
9  1.0  0.0
1  0.90000000000000002  0.071578947368421048
3  1.0  0.0
5  1.0  0.0
7  1.0  0.0
9  1.0  0.0
1  1.0  0.0
3  1.0  0.0
5  1.0  0.0
7  1.0  0.0
9  0.97999999999999998  0.01368421052631579
1  1.0  0.0
3  1.0  0.0
5  1.0  0.0
7  1.0  0.0021052631578947368
9  1.0  0.0
1  0.85999999999999999  0.059999999999999998
3  1.0  0.0
5  1.0  0.0
7  1.0  0.0
9  1.0  0.0
1  1.0  0.0
3  1.0  0.0010526315789473684
5  1.0  0.0010526315789473684
7  1.0  0.0
9  1.0  0.0
1  1.0  0.0
3  1.0  0.0
5  1.0  0.0021052631578947368
7  1.0  0.0
9  1.0  0.0
1  0.93999999999999995  0.10000000000000001
3  0.83999999999999997  0.11473684210526315
5  1.0  0.0
7  1.0  0.0
9  1.0  0.0
1  1.0  0.0
3  0.95999999999999996  0.05473684210526316
5  1.0  0.0
7  1.0  0.0
9  1.0  0.0
1  1.0  0.0
3  0.85999999999999999  0.095789473684210522
5  1.0  0.0
7  0.97999999999999998  0.0084210526315789472
9  1.0  0.0021052631578947368
1  1.0  0.0
3  1.0  0.0010526315789473684
5  1.0  0.0
7  1.0  0.0
9  1.0  0.0
1  1.0  0.0094736842105263164
3  1.0  0.0
5  1.0  0.0
7  1.0  0.0
9  1.0  0.0
1  1.0  0.0
3  1.0  0.034736842105263156
5  1.0  0.0010526315789473684
7  1.0  0.0
9  1.0  0.0
1  0.97999999999999998  0.042105263157894736
3  1.0  0.0
5  1.0  0.0
7  1.0  0.0
9  1.0  0.0
