2  1.0  0.0
3  0.0  0.0
4  1.0  0.0
5  0.0  0.0
6  0.128  0.0
2  0.748  0.0
3  0.0  0.0
4  0.84199999999999997  0.0
5  0.0  0.0
6  0.042000000000000003  0.0
2  1.0  0.0
3  0.0  0.0
4  1.0  0.0
5  1.0  0.0
6  0.64000000000000001  0.0
2  0.043999999999999997  0.0
3  1.0  0.0
4  1.0  0.0
5  0.0  0.0
6  0.0  0.0
2  0.0  0.0
3  0.0  0.0
4  0.0  0.0
5  0.0  0.0
6  0.062  0.0
2  0.23200000000000001  0.0
3  0.002  0.0
4  0.13400000000000001  0.0
5  0.0040000000000000001  0.0
6  1.0  0.0
2  0.75800000000000001  0.0
3  0.33800000000000002  0.0
4  1.0  0.0
5  0.0  0.0
6  1.0  0.0
2  1.0  0.0
3  0.0  0.0
4  0.19600000000000001  0.0
5  0.002  0.0
6  1.0  0.0
2  0.996  0.0
3  0.29599999999999999  0.0
4  1.0  0.0
5  0.0  0.0
6  0.045999999999999999  0.0
2  0.0  0.0
3  0.075999999999999998  0.0
4  0.0  0.0
5  0.021999999999999999  0.0
6  0.76400000000000001  0.0
2  1.0  0.0
3  0.0  0.0
4  0.0040000000000000001  0.0
5  0.0  0.0
6  0.91800000000000004  0.0
2  1.0  0.0
3  0.0  0.0
4  0.98199999999999998  0.0
5  0.752  0.0
6  0.97399999999999998  0.0
2  1.0  0.0
3  0.0  0.0
4  1.0  0.0
5  1.0  0.0
6  0.0  0.0
2  0.0  0.0
3  1.0  0.0
4  0.99199999999999999  0.0
5  0.0  0.0
6  0.13  0.0
2  1.0  0.0
3  0.308  0.0
4  0.152  0.0
5  1.0  0.0
6  0.091999999999999998  0.0
2  1.0  0.0
3  1.0  0.0
4  1.0  0.0
5  0.0  0.0
6  1.0  0.0
2  1.0  0.0
3  1.0  0.0
4  0.0  0.0
5  0.0  0.0
6  1.0  0.0
2  1.0  0.0
3  1.0  0.0
4  0.0060000000000000001  0.0
5  0.0  0.0
6  0.0  0.0
2  1.0  0.0
3  0.091999999999999998  0.0
4  1.0  0.0
5  0.0  0.0
6  0.22600000000000001  0.0
2  1.0  0.0
3  0.68999999999999995  0.0
4  0.029999999999999999  0.0
5  0.998  0.0
6  0.0  0.0
2  1.0  0.0
3  0.65600000000000003  0.0
4  0.0  0.0
5  0.128  0.0
6  1.0  0.0
2  0.002  0.0
3  0.028000000000000001  0.0
4  0.98399999999999999  0.0
5  0.002  0.0
6  0.050000000000000003  0.0
2  0.0  0.0
3  0.432  0.0
4  0.017999999999999999  0.0
5  0.0  0.0
6  1.0  0.0
2  1.0  0.0
3  1.0  0.0
4  1.0  0.0
5  1.0  0.0
6  0.13600000000000001  0.0
2  1.0  0.0
3  0.78600000000000003  0.0
4  0.053999999999999999  0.0
5  0.0  0.0
6  0.0  0.0
2  1.0  0.0
3  1.0  0.0
4  0.13  0.0
5  0.0  0.0
6  0.90400000000000003  0.0
2  1.0  0.0
3  0.002  0.0
4  1.0  0.0
5  0.0  0.0
6  1.0  0.0
2  1.0  0.0
3  0.0  0.0
4  0.0040000000000000001  0.0
5  0.0  0.0
6  1.0  0.0
2  1.0  0.0
3  0.0  0.0
4  1.0  0.0
5  0.0  0.0
6  1.0  0.0
2  0.91200000000000003  0.0
3  0.96799999999999997  0.0
4  1.0  0.0
5  0.021999999999999999  0.0
6  0.99199999999999999  0.0
2  1.0  0.0
3  0.97799999999999998  0.0
4  0.0  0.0
5  0.0  0.0
6  0.0  0.0
2  0.064000000000000001  0.0
3  0.01  0.0
4  0.16  0.0
5  0.82799999999999996  0.0
6  1.0  0.0
2  0.029999999999999999  0.0
3  0.0  0.0
4  0.99399999999999999  0.0
5  0.002  0.0
6  0.0  0.0
2  1.0  0.0
3  1.0  0.0
4  1.0  0.0
5  0.01  0.0
6  1.0  0.0
2  1.0  0.0
3  0.0  0.0
4  1.0  0.0
5  0.0  0.0
6  1.0  0.0
2  1.0  0.0
3  0.0  0.0
4  1.0  0.0
5  1.0  0.0
6  0.012  0.0
2  0.0  0.0
3  1.0  0.0
4  0.0  0.0
5  1.0  0.0
6  0.0  0.0
2  1.0  0.0
3  1.0  0.0
4  0.98199999999999998  0.0
5  0.0  0.0
6  0.0  0.0
2  0.20200000000000001  0.0
3  0.96199999999999997  0.0
4  0.0  0.0
5  0.035999999999999997  0.0
6  0.61199999999999999  0.0
2  0.028000000000000001  0.0
3  0.0  0.0
4  0.0  0.0
5  0.002  0.0
6  0.68000000000000005  0.0
2  0.192  0.0
3  0.016  0.0
4  0.0040000000000000001  0.0
5  0.96999999999999997  0.0
6  0.0  0.0
2  1.0  0.0
3  1.0  0.0
4  0.01  0.0
5  0.89000000000000001  0.0
6  0.0  0.0
2  0.998  0.0
3  1.0  0.0
4  1.0  0.0
5  0.99199999999999999  0.0
6  0.89400000000000002  0.0
2  1.0  0.0
3  0.998  0.0
4  1.0  0.0
5  0.72599999999999998  0.0
6  0.95599999999999996  0.0
2  0.0  0.0
3  0.01  0.0
4  0.0  0.0
5  0.0  0.0
6  1.0  0.0
2  1.0  0.0
3  0.0  0.0
4  1.0  0.0
5  0.32400000000000001  0.0
6  0.073999999999999996  0.0
2  0.93400000000000005  0.0
3  0.34200000000000003  0.0
4  1.0  0.0
5  1.0  0.0
6  1.0  0.0
2  1.0  0.0
3  0.0  0.0
4  0.218  0.0
5  0.0060000000000000001  0.0
6  1.0  0.0
2  1.0  0.0
3  0.0  0.0
4  0.002  0.0
5  0.0  0.0
6  0.0  0.0
2  1.0  0.0
3  0.0  0.0
4  0.0  0.0
5  0.83399999999999996  0.0
6  0.0  0.0
2  1.0  0.0
3  1.0  0.0
4  1.0  0.0
5  0.096000000000000002  0.0
6  1.0  0.0
2  1.0  0.0
3  1.0  0.0
4  0.20399999999999999  0.0
5  0.0  0.0
6  1.0  0.0
2  0.34200000000000003  0.0
3  0.11799999999999999  0.0
4  0.0  0.0
5  0.96599999999999997  0.0
6  0.996  0.0
2  0.050000000000000003  0.0
3  0.94999999999999996  0.0
4  0.0  0.0
5  0.0  0.0
6  1.0  0.0
2  0.122  0.0
3  0.0  0.0
4  0.0  0.0
5  0.059999999999999998  0.0
6  0.28199999999999997  0.0
2  0.0  0.0
3  0.0  0.0
4  0.20799999999999999  0.0
5  0.002  0.0
6  0.042000000000000003  0.0
2  0.0  0.0
3  1.0  0.0
4  0.78400000000000003  0.0
5  0.017999999999999999  0.0
6  0.99199999999999999  0.0
2  0.0  0.0
3  0.0040000000000000001  0.0
4  0.002  0.0
5  1.0  0.0
6  0.0  0.0
2  1.0  0.0
3  0.0  0.0
4  0.0  0.0
5  1.0  0.0
6  1.0  0.0
2  1.0  0.0
3  0.0  0.0
4  0.0  0.0
5  1.0  0.0
6  1.0  0.0
2  0.0  0.0
3  0.0  0.0
4  0.01  0.0
5  1.0  0.0
6  1.0  0.0
2  1.0  0.0
3  0.0  0.0
4  0.40000000000000002  0.0
5  1.0  0.0
6  0.0  0.0
2  1.0  0.0
3  0.0  0.0
4  0.23599999999999999  0.0
5  0.0  0.0
6  0.0  0.0
2  0.998  0.0
3  0.25600000000000001  0.0
4  0.23599999999999999  0.0
5  0.002  0.0
6  0.88  0.0
2  1.0  0.0
3  1.0  0.0
4  1.0  0.0
5  0.70599999999999996  0.0
6  1.0  0.0
2  0.93400000000000005  0.0
3  1.0  0.0
4  0.28399999999999997  0.0
5  0.0  0.0
6  0.0080000000000000002  0.0
2  1.0  0.0
3  1.0  0.0
4  0.0  0.0
5  0.0  0.0
6  0.312  0.0
2  1.0  0.0
3  0.0  0.0
4  1.0  0.0
5  0.094  0.0
6  1.0  0.0
2  1.0  0.0
3  0.50800000000000001  0.0
4  0.017999999999999999  0.0
5  1.0  0.0
6  1.0  0.0
2  1.0  0.0
3  1.0  0.0
4  0.002  0.0
5  0.0  0.0
6  0.98599999999999999  0.0
2  0.0  0.0
3  0.0  0.0
4  0.52000000000000002  0.0
5  0.91400000000000003  0.0
6  1.0  0.0
2  1.0  0.0
3  0.0  0.0
4  1.0  0.0
5  0.748  0.0
6  0.017999999999999999  0.0
2  0.35599999999999998  0.0
3  0.051999999999999998  0.0
4  1.0  0.0
5  1.0  0.0
6  0.14599999999999999  0.0
2  0.002  0.0
3  0.0  0.0
4  0.01  0.0
5  1.0  0.0
6  0.0  0.0
2  1.0  0.0
3  1.0  0.0
4  1.0  0.0
5  0.0  0.0
6  0.96599999999999997  0.0
2  1.0  0.0
3  0.0  0.0
4  1.0  0.0
5  1.0  0.0
6  0.0  0.0
2  1.0  0.0
3  0.040000000000000001  0.0
4  1.0  0.0
5  0.17399999999999999  0.0
6  0.99199999999999999  0.0
2  0.0  0.0
3  1.0  0.0
4  1.0  0.0
5  0.0  0.0
6  0.089999999999999997  0.0
2  1.0  0.0
3  0.0060000000000000001  0.0
4  0.075999999999999998  0.0
5  1.0  0.0
6  0.0  0.0
2  1.0  0.0
3  1.0  0.0
4  1.0  0.0
5  0.0  0.0
6  0.0  0.0
2  1.0  0.0
3  0.56000000000000005  0.0
4  1.0  0.0
5  0.86399999999999999  0.0
6  0.032000000000000001  0.0
2  0.070000000000000007  0.0
3  0.0  0.0
4  0.114  0.0
5  0.0  0.0
6  0.214  0.0
2  1.0  0.0
3  0.40000000000000002  0.0
4  1.0  0.0
5  0.998  0.0
6  0.998  0.0
2  1.0  0.0
3  0.0  0.0
4  0.82799999999999996  0.0
5  0.002  0.0
6  0.080000000000000002  0.0
2  1.0  0.0
3  0.0  0.0
4  1.0  0.0
5  0.0  0.0
6  0.58999999999999997  0.0
2  0.55200000000000005  0.0
3  0.68200000000000005  0.0
4  0.98199999999999998  0.0
5  0.0  0.0
6  0.012  0.0
2  1.0  0.0
3  1.0  0.0
4  0.0  0.0
5  0.0  0.0
6  0.0  0.0
2  1.0  0.0
3  0.0  0.0
4  1.0  0.0
5  0.0  0.0
6  0.0  0.0
2  1.0  0.0
3  0.19  0.0
4  0.0  0.0
5  0.0  0.0
6  0.0040000000000000001  0.0
2  0.0  0.0
3  0.106  0.0
4  1.0  0.0
5  0.0  0.0
6  0.41199999999999998  0.0
2  0.0  0.0
3  0.012  0.0
4  1.0  0.0
5  1.0  0.0
6  0.0  0.0
2  1.0  0.0
3  0.998  0.0
4  0.0  0.0
5  0.02  0.0
6  0.93999999999999995  0.0
2  1.0  0.0
3  1.0  0.0
4  0.93600000000000005  0.0
5  0.0  0.0
6  1.0  0.0
2  1.0  0.0
3  1.0  0.0
4  0.504  0.0
5  0.0  0.0
6  0.10199999999999999  0.0
2  0.0  0.0
3  0.01  0.0
4  1.0  0.0
5  0.058000000000000003  0.0
6  0.0  0.0
2  1.0  0.0
3  0.0060000000000000001  0.0
4  1.0  0.0
5  0.75800000000000001  0.0
6  0.0  0.0
2  1.0  0.0
3  0.0  0.0
4  0.0  0.0
5  0.97199999999999998  0.0
6  0.0  0.0
2  1.0  0.0
3  0.84199999999999997  0.0
4  1.0  0.0
5  1.0  0.0
6  0.028000000000000001  0.0
2  1.0  0.0
3  0.13  0.0
4  0.46800000000000003  0.0
5  0.0  0.0
6  1.0  0.0
2  0.38  0.0
3  1.0  0.0
4  1.0  0.0
5  1.0  0.0
6  1.0  0.0
