2  1.0  0.0
3  1.0  0.0
4  1.0  0.0
5  1.0  0.0
6  0.26000000000000001  0.0
2  0.78000000000000003  0.0
3  0.12  0.0
4  0.0  0.0
5  0.0  0.0
6  1.0  0.0
2  1.0  0.0
3  0.0  0.0
4  1.0  0.0
5  0.0  0.0
6  0.52000000000000002  0.0
2  0.95999999999999996  0.0
3  0.0  0.0
4  0.0  0.0
5  0.0  0.0
6  1.0  0.0
2  1.0  0.0
3  1.0  0.0
4  0.0  0.0
5  0.0  0.0
6  0.0  0.0
2  1.0  0.0
3  0.02  0.0
4  1.0  0.0
5  0.41999999999999998  0.0
6  1.0  0.0
2  0.059999999999999998  0.0
3  1.0  0.0
4  0.52000000000000002  0.0
5  0.97999999999999998  0.0
6  0.81999999999999995  0.0
2  1.0  0.0
3  0.040000000000000001  0.0
4  1.0  0.0
5  1.0  0.0
6  1.0  0.0
2  0.5  0.0
3  1.0  0.0
4  1.0  0.0
5  0.38  0.0
6  1.0  0.0
2  1.0  0.0
3  0.34000000000000002  0.0
4  0.0  0.0
5  0.0  0.0
6  1.0  0.0
2  1.0  0.0
3  0.64000000000000001  0.0
4  1.0  0.0
5  0.0  0.0
6  1.0  0.0
2  1.0  0.0
3  0.17999999999999999  0.0
4  1.0  0.0
5  0.02  0.0
6  0.46000000000000002  0.0
2  0.0  0.0
3  0.0  0.0
4  0.52000000000000002  0.0
5  0.0  0.0
6  0.90000000000000002  0.0
2  0.0  0.0
3  0.28000000000000003  0.0
4  0.95999999999999996  0.0
5  0.0  0.0
6  0.0  0.0
2  1.0  0.0
3  0.0  0.0
4  0.0  0.0
5  0.0  0.0
6  0.0  0.0
2  0.0  0.0
3  0.71999999999999997  0.0
4  1.0  0.0
5  1.0  0.0
6  0.0  0.0
2  0.0  0.0
3  0.0  0.0
4  1.0  0.0
5  1.0  0.0
6  0.02  0.0
2  0.040000000000000001  0.0
3  1.0  0.0
4  0.0  0.0
5  0.47999999999999998  0.0
6  0.0  0.0
2  1.0  0.0
3  0.0  0.0
4  1.0  0.0
5  0.0  0.0
6  0.34000000000000002  0.0
2  0.0  0.0
3  1.0  0.0
4  0.0  0.0
5  0.040000000000000001  0.0
6  0.0  0.0
