2  0.97199999999999998  0.0
3  0.99199999999999999  0.0012631578947368421
4  0.998  0.0
5  1.0  0.00010526315789473685
6  1.0  0.0031578947368421052
2  0.96599999999999997  0.0
3  0.98999999999999999  0.00073684210526315792
4  1.0  0.0010526315789473684
5  1.0  0.00010526315789473685
6  1.0  0.0
2  0.97999999999999998  0.00010526315789473685
3  0.99399999999999999  0.00010526315789473685
4  0.998  0.00063157894736842106
5  1.0  0.0
6  1.0  0.0022105263157894735
2  0.98199999999999998  0.0011578947368421054
3  0.99399999999999999  0.0
4  1.0  0.00094736842105263154
5  1.0  0.00031578947368421053
6  1.0  0.0017894736842105263
2  0.97399999999999998  0.00010526315789473685
3  1.0  0.0
4  0.998  0.00010526315789473685
5  1.0  0.0023157894736842107
6  1.0  0.0024210526315789475
2  0.97799999999999998  0.0
3  0.99399999999999999  0.0
4  0.998  0.0
5  1.0  0.0002105263157894737
6  1.0  0.00084210526315789478
2  0.97399999999999998  0.0013684210526315789
3  0.996  0.0
4  1.0  0.0
5  1.0  0.0002105263157894737
6  1.0  0.0
2  0.96399999999999997  0.0
3  1.0  0.0
4  1.0  0.0005263157894736842
5  1.0  0.0002105263157894737
6  1.0  0.00042105263157894739
2  0.97399999999999998  0.00031578947368421053
3  1.0  0.00042105263157894739
4  1.0  0.0016842105263157896
5  1.0  0.0010526315789473684
6  1.0  0.0016842105263157896
2  0.96599999999999997  0.00010526315789473685
3  0.99399999999999999  0.0
4  1.0  0.00010526315789473685
5  1.0  0.0
6  1.0  0.0010526315789473684
2  0.98199999999999998  0.0
3  1.0  0.00010526315789473685
4  1.0  0.0
5  1.0  0.0
6  1.0  0.0
2  0.95999999999999996  0.0
3  0.996  0.0002105263157894737
4  1.0  0.0
5  1.0  0.0
6  1.0  0.0
2  0.98799999999999999  0.0
3  0.99199999999999999  0.00084210526315789478
4  1.0  0.00010526315789473685
5  1.0  0.0005263157894736842
6  1.0  0.0
2  0.97999999999999998  0.0
3  0.996  0.0
4  0.996  0.0002105263157894737
5  1.0  0.0012631578947368421
6  1.0  0.0
2  0.96799999999999997  0.0005263157894736842
3  0.996  0.00010526315789473685
4  1.0  0.0002105263157894737
5  1.0  0.00042105263157894739
6  1.0  0.002
2  0.95999999999999996  0.00042105263157894739
3  1.0  0.0012631578947368421
4  1.0  0.0
5  1.0  0.00042105263157894739
6  1.0  0.0
2  0.96399999999999997  0.0
3  0.998  0.0015789473684210526
4  1.0  0.00042105263157894739
5  1.0  0.0002105263157894737
6  1.0  0.0
2  0.96999999999999997  0.0
3  0.998  0.00031578947368421053
4  1.0  0.0005263157894736842
5  1.0  0.00010526315789473685
6  1.0  0.0
2  0.96399999999999997  0.0
3  0.99399999999999999  0.0
4  1.0  0.00010526315789473685
5  1.0  0.0
6  1.0  0.0021052631578947368
2  0.96599999999999997  0.0
3  0.98999999999999999  0.0010526315789473684
4  0.998  0.0002105263157894737
5  1.0  0.00010526315789473685
6  1.0  0.0011578947368421054
2  0.98199999999999998  0.0
3  0.996  0.0
4  0.998  0.00073684210526315792
5  1.0  0.0002105263157894737
6  1.0  0.00010526315789473685
2  0.98399999999999999  0.0
3  0.996  0.00084210526315789478
4  1.0  0.00042105263157894739
5  1.0  0.0
6  1.0  0.00010526315789473685
2  0.97999999999999998  0.0015789473684210526
3  0.99399999999999999  0.0002105263157894737
4  1.0  0.0
5  1.0  0.0014736842105263158
6  1.0  0.0
2  0.98399999999999999  0.0
3  0.996  0.0
4  1.0  0.00063157894736842106
5  1.0  0.00031578947368421053
6  1.0  0.0027368421052631577
2  0.96599999999999997  0.0
3  0.998  0.00010526315789473685
4  1.0  0.0
5  1.0  0.0
6  1.0  0.00073684210526315792
2  0.96799999999999997  0.0
3  0.99399999999999999  0.0
4  1.0  0.00042105263157894739
5  1.0  0.0
6  1.0  0.0
2  0.95999999999999996  0.0
3  0.998  0.00031578947368421053
4  1.0  0.0
5  1.0  0.00073684210526315792
6  1.0  0.0002105263157894737
2  0.97999999999999998  0.0
3  0.99199999999999999  0.0002105263157894737
4  1.0  0.0002105263157894737
5  1.0  0.0
6  1.0  0.00084210526315789478
2  0.97599999999999998  0.0
3  0.98999999999999999  0.0
4  1.0  0.0002105263157894737
5  1.0  0.002631578947368421
6  1.0  0.00042105263157894739
2  0.96199999999999997  0.00010526315789473685
3  0.996  0.0
4  1.0  0.0012631578947368421
5  1.0  0.0014736842105263158
6  1.0  0.002
2  0.97399999999999998  0.0
3  0.998  0.0005263157894736842
4  1.0  0.0013684210526315789
5  1.0  0.0
6  1.0  0.0024210526315789475
2  0.97799999999999998  0.0
3  0.996  0.0
4  0.998  0.0002105263157894737
5  0.998  0.0
6  1.0  0.0011578947368421054
2  0.96599999999999997  0.0005263157894736842
3  0.99399999999999999  0.0
4  0.998  0.0023157894736842107
5  1.0  0.00073684210526315792
6  1.0  0.0
2  0.96799999999999997  0.0002105263157894737
3  0.996  0.0012631578947368421
4  0.998  0.0005263157894736842
5  1.0  0.00010526315789473685
6  1.0  0.0016842105263157896
2  0.97399999999999998  0.00073684210526315792
3  0.99199999999999999  0.00063157894736842106
4  1.0  0.00031578947368421053
5  1.0  0.00084210526315789478
6  1.0  0.0021052631578947368
2  0.96599999999999997  0.0
3  0.99199999999999999  0.00084210526315789478
4  0.998  0.00042105263157894739
5  1.0  0.0
6  1.0  0.0016842105263157896
2  0.97799999999999998  0.00073684210526315792
3  1.0  0.0
4  1.0  0.0011578947368421054
5  1.0  0.0
6  1.0  0.0011578947368421054
2  0.98999999999999999  0.0
3  0.99399999999999999  0.0
4  0.998  0.00010526315789473685
5  1.0  0.0
6  1.0  0.0
2  0.97199999999999998  0.0
3  0.996  0.0
4  1.0  0.0
5  1.0  0.0011578947368421054
6  1.0  0.0012631578947368421
2  0.96399999999999997  0.0
3  0.998  0.0
4  0.998  0.0
5  1.0  0.0010526315789473684
6  1.0  0.0002105263157894737
2  0.98199999999999998  0.0
3  0.99199999999999999  0.0
4  0.998  0.0
5  1.0  0.00010526315789473685
6  1.0  0.0011578947368421054
2  0.97199999999999998  0.00010526315789473685
3  0.998  0.0005263157894736842
4  1.0  0.0
5  1.0  0.0016842105263157896
6  1.0  0.0005263157894736842
2  0.97799999999999998  0.0
3  0.996  0.0
4  1.0  0.00010526315789473685
5  1.0  0.00084210526315789478
6  1.0  0.0041052631578947368
2  0.97599999999999998  0.0
3  0.996  0.00073684210526315792
4  0.998  0.0
5  1.0  0.00042105263157894739
6  1.0  0.00031578947368421053
2  0.97599999999999998  0.0
3  0.998  0.0
4  1.0  0.0002105263157894737
5  1.0  0.0005263157894736842
6  1.0  0.0002105263157894737
2  0.96999999999999997  0.00010526315789473685
3  0.996  0.0002105263157894737
4  1.0  0.0
5  1.0  0.00094736842105263154
6  1.0  0.00084210526315789478
2  0.97599999999999998  0.0
3  0.98999999999999999  0.00010526315789473685
4  1.0  0.0015789473684210526
5  1.0  0.002
6  1.0  0.0013684210526315789
2  0.99199999999999999  0.0013684210526315789
3  1.0  0.00010526315789473685
4  0.998  0.00042105263157894739
5  1.0  0.0016842105263157896
6  1.0  0.00063157894736842106
2  0.97799999999999998  0.0
3  0.996  0.00063157894736842106
4  1.0  0.0
5  1.0  0.00094736842105263154
6  1.0  0.00010526315789473685
2  0.97799999999999998  0.0014736842105263158
3  0.996  0.0
4  1.0  0.0018947368421052631
5  1.0  0.00063157894736842106
6  1.0  0.00063157894736842106
2  0.97199999999999998  0.00042105263157894739
3  0.99199999999999999  0.0
4  1.0  0.0
5  1.0  0.00094736842105263154
6  1.0  0.00010526315789473685
2  0.97599999999999998  0.0
3  0.99399999999999999  0.0011578947368421054
4  1.0  0.0
5  1.0  0.00031578947368421053
6  1.0  0.00010526315789473685
2  0.98199999999999998  0.0
3  0.998  0.002
4  1.0  0.0014736842105263158
5  1.0  0.0013684210526315789
6  1.0  0.00031578947368421053
2  0.96999999999999997  0.0
3  0.998  0.0
4  1.0  0.0021052631578947368
5  1.0  0.00042105263157894739
6  1.0  0.00073684210526315792
2  0.96599999999999997  0.0
3  0.998  0.0
4  1.0  0.0013684210526315789
5  1.0  0.00010526315789473685
6  1.0  0.0
2  0.97599999999999998  0.0
3  1.0  0.0010526315789473684
4  1.0  0.0
5  1.0  0.00084210526315789478
6  1.0  0.0
2  0.97399999999999998  0.00010526315789473685
3  0.99199999999999999  0.0
4  0.998  0.0032631578947368419
5  1.0  0.00073684210526315792
6  1.0  0.00010526315789473685
2  0.96199999999999997  0.0
3  0.998  0.0010526315789473684
4  1.0  0.00042105263157894739
5  1.0  0.0
6  1.0  0.0021052631578947368
2  0.97199999999999998  0.0
3  1.0  0.00094736842105263154
4  1.0  0.0
5  1.0  0.0017894736842105263
6  1.0  0.0
2  0.96199999999999997  0.0
3  0.99199999999999999  0.0
4  1.0  0.00084210526315789478
5  1.0  0.00010526315789473685
6  1.0  0.0017894736842105263
2  0.97599999999999998  0.0
3  0.99399999999999999  0.0
4  1.0  0.0002105263157894737
5  1.0  0.00010526315789473685
6  1.0  0.0032631578947368419
2  0.98199999999999998  0.0
3  0.99399999999999999  0.0
4  1.0  0.00042105263157894739
5  1.0  0.0
6  1.0  0.0012631578947368421
2  0.97599999999999998  0.0
3  0.996  0.00094736842105263154
4  1.0  0.00063157894736842106
5  1.0  0.0013684210526315789
6  1.0  0.00031578947368421053
2  0.97999999999999998  0.0002105263157894737
3  0.99199999999999999  0.0
4  1.0  0.0
5  1.0  0.002631578947368421
6  1.0  0.00042105263157894739
2  0.98199999999999998  0.0
3  0.99199999999999999  0.0
4  1.0  0.0002105263157894737
5  1.0  0.0011578947368421054
6  1.0  0.00063157894736842106
2  0.97799999999999998  0.0
3  0.98999999999999999  0.00084210526315789478
4  1.0  0.0010526315789473684
5  1.0  0.00094736842105263154
6  1.0  0.0002105263157894737
2  0.98799999999999999  0.0002105263157894737
3  1.0  0.0017894736842105263
4  1.0  0.0
5  1.0  0.0018947368421052631
6  1.0  0.0025263157894736842
2  0.97399999999999998  0.0005263157894736842
3  0.998  0.0
4  1.0  0.00094736842105263154
5  1.0  0.0
6  1.0  0.0010526315789473684
2  0.97599999999999998  0.0
3  0.99199999999999999  0.00063157894736842106
4  0.996  0.0
5  1.0  0.0
6  1.0  0.00094736842105263154
2  0.97399999999999998  0.00063157894736842106
3  0.998  0.00063157894736842106
4  1.0  0.00042105263157894739
5  1.0  0.00010526315789473685
6  1.0  0.0
2  0.97799999999999998  0.0012631578947368421
3  0.99399999999999999  0.0
4  1.0  0.0
5  0.998  0.0
6  1.0  0.0014736842105263158
2  0.96799999999999997  0.00042105263157894739
3  0.99199999999999999  0.00094736842105263154
4  1.0  0.0
5  1.0  0.0
6  1.0  0.0
2  0.97799999999999998  0.0
3  0.998  0.0
4  0.996  0.0
5  1.0  0.00042105263157894739
6  1.0  0.00084210526315789478
2  0.96799999999999997  0.00084210526315789478
3  0.996  0.00031578947368421053
4  1.0  0.0011578947368421054
5  1.0  0.0022105263157894735
6  1.0  0.00010526315789473685
2  0.98199999999999998  0.0
3  0.98999999999999999  0.0
4  1.0  0.0
5  1.0  0.0
6  1.0  0.0005263157894736842
2  0.98199999999999998  0.0
3  0.998  0.0
4  0.998  0.00010526315789473685
5  0.998  0.0
6  1.0  0.0
2  0.97199999999999998  0.0
3  0.996  0.00042105263157894739
4  0.998  0.002631578947368421
5  1.0  0.0002105263157894737
6  1.0  0.0
2  0.97799999999999998  0.0
3  0.99399999999999999  0.0002105263157894737
4  1.0  0.0016842105263157896
5  1.0  0.0002105263157894737
6  1.0  0.0
2  0.96399999999999997  0.0
3  0.998  0.0
4  1.0  0.0005263157894736842
5  1.0  0.0
6  1.0  0.00063157894736842106
2  0.97999999999999998  0.00010526315789473685
3  0.998  0.00073684210526315792
4  0.998  0.00031578947368421053
5  1.0  0.0
6  1.0  0.0
2  0.96399999999999997  0.0
3  0.996  0.0
4  0.998  0.00031578947368421053
5  1.0  0.00010526315789473685
6  1.0  0.0025263157894736842
2  0.97599999999999998  0.0014736842105263158
3  0.996  0.0
4  1.0  0.00073684210526315792
5  1.0  0.0002105263157894737
6  1.0  0.0013684210526315789
2  0.96199999999999997  0.0
3  1.0  0.00010526315789473685
4  1.0  0.0
5  1.0  0.00063157894736842106
6  1.0  0.0002105263157894737
2  0.97399999999999998  0.0010526315789473684
3  0.996  0.0
4  0.998  0.0015789473684210526
5  1.0  0.0
6  1.0  0.00063157894736842106
2  0.97799999999999998  0.00010526315789473685
3  0.998  0.0013684210526315789
4  1.0  0.00063157894736842106
5  1.0  0.0015789473684210526
6  1.0  0.0017894736842105263
2  0.97199999999999998  0.00073684210526315792
3  0.998  0.00010526315789473685
4  1.0  0.0
5  1.0  0.00031578947368421053
6  1.0  0.00063157894736842106
2  0.96799999999999997  0.00010526315789473685
3  0.99399999999999999  0.0
4  1.0  0.0
5  1.0  0.0
6  1.0  0.00094736842105263154
2  0.97599999999999998  0.00042105263157894739
3  0.996  0.0
4  1.0  0.0
5  1.0  0.0013684210526315789
6  1.0  0.00010526315789473685
2  0.98799999999999999  0.0
3  0.996  0.00010526315789473685
4  1.0  0.0
5  1.0  0.0
6  1.0  0.0005263157894736842
2  0.96999999999999997  0.0
3  1.0  0.0
4  1.0  0.00042105263157894739
5  1.0  0.0010526315789473684
6  1.0  0.0015789473684210526
2  0.97599999999999998  0.0
3  1.0  0.0
4  1.0  0.0018947368421052631
5  1.0  0.00010526315789473685
6  1.0  0.00010526315789473685
2  0.97799999999999998  0.0
3  1.0  0.00031578947368421053
4  0.998  0.0002105263157894737
5  1.0  0.0011578947368421054
6  1.0  0.00010526315789473685
2  0.96799999999999997  0.0
3  0.99399999999999999  0.0
4  1.0  0.00031578947368421053
5  0.998  0.0016842105263157896
6  1.0  0.00042105263157894739
2  0.96599999999999997  0.0005263157894736842
3  0.998  0.0010526315789473684
4  1.0  0.00010526315789473685
5  1.0  0.00010526315789473685
6  1.0  0.00073684210526315792
2  0.97399999999999998  0.0005263157894736842
3  0.998  0.0005263157894736842
4  1.0  0.00031578947368421053
5  1.0  0.0011578947368421054
6  1.0  0.00010526315789473685
2  0.97999999999999998  0.0
3  0.996  0.0
4  1.0  0.0
5  1.0  0.0005263157894736842
6  1.0  0.0
2  0.97999999999999998  0.0
3  0.98999999999999999  0.00063157894736842106
4  1.0  0.0
5  1.0  0.0
6  1.0  0.0002105263157894737
2  0.97599999999999998  0.0
3  0.99399999999999999  0.0
4  1.0  0.002
5  1.0  0.0
6  1.0  0.0016842105263157896
2  0.96999999999999997  0.0
3  1.0  0.0013684210526315789
4  0.998  0.00063157894736842106
5  1.0  0.0010526315789473684
6  1.0  0.00010526315789473685
2  0.96799999999999997  0.00063157894736842106
3  0.998  0.0
4  0.998  0.0
5  1.0  0.0011578947368421054
6  1.0  0.0
