2  0.68799999999999994  0.0
3  0.878  0.0
4  0.0  0.0
5  0.0  0.0
6  0.94799999999999995  0.0
2  0.0  0.0
3  0.002  0.0
4  0.95999999999999996  0.0
5  0.0  0.0
6  0.52400000000000002  0.0
2  0.0040000000000000001  0.0
3  0.0  0.0
4  1.0  0.0
5  0.0  0.0
6  0.0  0.0
2  1.0  0.0
3  1.0  0.0
4  1.0  0.0
5  0.27400000000000002  0.0
6  0.29599999999999999  0.0
2  0.0  0.0
3  0.998  0.0
4  0.0  0.0
5  0.0  0.0
6  0.0  0.0
2  0.72199999999999998  0.0
3  0.01  0.0
4  0.96399999999999997  0.0
5  1.0  0.0
6  0.0080000000000000002  0.0
2  0.0  0.0
3  0.0  0.0
4  1.0  0.0
5  0.0  0.0
6  0.0  0.0
2  1.0  0.0
3  0.0080000000000000002  0.0
4  0.080000000000000002  0.0
5  0.0  0.0
6  0.122  0.0
2  0.82799999999999996  0.0
3  0.96999999999999997  0.0
4  0.98999999999999999  0.0
5  0.0  0.0
6  0.071999999999999995  0.0
2  0.0080000000000000002  0.0
3  0.051999999999999998  0.0
4  1.0  0.0
5  0.014  0.0
6  0.002  0.0
2  0.028000000000000001  0.0
3  0.0  0.0
4  0.078  0.0
5  0.080000000000000002  0.0
6  0.0  0.0
2  0.012  0.0
3  0.98999999999999999  0.0
4  0.82599999999999996  0.0
5  0.0  0.0
6  0.0  0.0
2  1.0  0.0
3  0.0  0.0
4  1.0  0.0
5  0.002  0.0
6  0.002  0.0
2  1.0  0.0
3  0.0  0.0
4  0.20999999999999999  0.0
5  0.0  0.0
6  0.0  0.0
2  0.0080000000000000002  0.0
3  0.44  0.0
4  1.0  0.0
5  0.0  0.0
6  0.0  0.0
2  1.0  0.0
3  0.0  0.0
4  0.94999999999999996  0.0
5  0.053999999999999999  0.0
6  0.0  0.0
2  0.70399999999999996  0.0
3  0.0  0.0
4  0.0  0.0
5  0.0  0.0
6  0.998  0.0
2  1.0  0.0
3  0.0  0.0
4  0.68799999999999994  0.0
5  0.0  0.0
6  0.096000000000000002  0.0
2  0.17999999999999999  0.0
3  0.0  0.0
4  0.0040000000000000001  0.0
5  0.0040000000000000001  0.0
6  1.0  0.0
2  0.77600000000000002  0.0
3  1.0  0.0
4  1.0  0.0
5  0.037999999999999999  0.0
6  0.0  0.0
2  0.0  0.0
3  0.0  0.0
4  0.0  0.0
5  1.0  0.0
6  0.0  0.0
2  0.97199999999999998  0.0
3  0.59799999999999998  0.0
4  0.93600000000000005  0.0
5  0.0  0.0
6  0.92600000000000005  0.0
2  0.0  0.0
3  0.30399999999999999  0.0
4  0.89800000000000002  0.0
5  0.94999999999999996  0.0
6  1.0  0.0
2  1.0  0.0
3  0.0  0.0
4  0.0  0.0
5  0.0  0.0
6  0.0  0.0
2  0.93999999999999995  0.0
3  0.0  0.0
4  0.14199999999999999  0.0
5  0.0  0.0
6  0.96399999999999997  0.0
2  0.032000000000000001  0.0
3  0.0  0.0
4  0.0  0.0
5  0.83599999999999997  0.0
6  0.0  0.0
2  0.0  0.0
3  0.002  0.0
4  0.021999999999999999  0.0
5  0.246  0.0
6  1.0  0.0
2  1.0  0.0
3  0.86399999999999999  0.0
4  1.0  0.0
5  0.0  0.0
6  0.0  0.0
2  0.14799999999999999  0.0
3  0.0  0.0
4  0.53400000000000003  0.0
5  0.0060000000000000001  0.0
6  0.0040000000000000001  0.0
2  0.0  0.0
3  0.0080000000000000002  0.0
4  0.0  0.0
5  0.0  0.0
6  0.01  0.0
2  0.0  0.0
3  0.26000000000000001  0.0
4  0.035999999999999997  0.0
5  0.0  0.0
6  1.0  0.0
2  1.0  0.0
3  0.0  0.0
4  0.0  0.0
5  0.90200000000000002  0.0
6  0.050000000000000003  0.0
2  1.0  0.0
3  0.0040000000000000001  0.0
4  0.098000000000000004  0.0
5  0.0  0.0
6  0.0  0.0
2  0.81200000000000006  0.0
3  0.36199999999999999  0.0
4  1.0  0.0
5  0.38400000000000001  0.0
6  1.0  0.0
2  0.012  0.0
3  0.21199999999999999  0.0
4  0.071999999999999995  0.0
5  0.96199999999999997  0.0
6  0.72799999999999998  0.0
2  0.002  0.0
3  0.68799999999999994  0.0
4  0.002  0.0
5  0.0  0.0
6  1.0  0.0
2  1.0  0.0
3  0.0  0.0
4  1.0  0.0
5  0.002  0.0
6  1.0  0.0
2  0.19400000000000001  0.0
3  0.0  0.0
4  0.0  0.0
5  0.0  0.0
6  0.0  0.0
2  1.0  0.0
3  0.0  0.0
4  0.27800000000000002  0.0
5  0.64400000000000002  0.0
6  0.0  0.0
2  0.64200000000000002  0.0
3  0.87  0.0
4  1.0  0.0
5  0.0  0.0
6  0.0  0.0
2  0.0  0.0
3  0.01  0.0
4  0.02  0.0
5  0.0080000000000000002  0.0
6  1.0  0.0
2  1.0  0.0
3  0.014  0.0
4  1.0  0.0
5  0.062  0.0
6  0.314  0.0
2  0.122  0.0
3  1.0  0.0
4  0.0  0.0
5  0.0  0.0
6  0.998  0.0
2  1.0  0.0
3  0.0  0.0
4  0.002  0.0
5  0.0  0.0
6  0.0  0.0
2  0.014  0.0
3  0.0  0.0
4  0.035999999999999997  0.0
5  0.45600000000000002  0.0
6  0.0  0.0
2  1.0  0.0
3  0.124  0.0
4  0.58599999999999997  0.0
5  0.0  0.0
6  0.021999999999999999  0.0
2  0.0  0.0
3  0.44  0.0
4  0.002  0.0
5  1.0  0.0
6  1.0  0.0
2  0.14199999999999999  0.0
3  0.96999999999999997  0.0
4  0.0040000000000000001  0.0
5  0.998  0.0
6  1.0  0.0
2  0.0  0.0
3  0.0  0.0
4  0.024  0.0
5  0.0  0.0
6  1.0  0.0
2  1.0  0.0
3  0.0  0.0
4  0.0  0.0
5  1.0  0.0
6  0.024  0.0
2  1.0  0.0
3  0.98799999999999999  0.0
4  1.0  0.0
5  1.0  0.0
6  0.0060000000000000001  0.0
2  1.0  0.0
3  0.0  0.0
4  0.99199999999999999  0.0
5  0.082000000000000003  0.0
6  0.14799999999999999  0.0
2  0.79600000000000004  0.0
3  0.996  0.0
4  0.68600000000000005  0.0
5  0.99199999999999999  0.0
6  0.79600000000000004  0.0
2  0.0  0.0
3  0.014  0.0
4  0.0  0.0
5  0.0  0.0
6  0.17399999999999999  0.0
2  0.0  0.0
3  0.0  0.0
4  0.017999999999999999  0.0
5  0.0  0.0
6  0.26400000000000001  0.0
2  0.85199999999999998  0.0
3  0.071999999999999995  0.0
4  0.876  0.0
5  0.66400000000000003  0.0
6  0.23999999999999999  0.0
2  0.12  0.0
3  1.0  0.0
4  0.98399999999999999  0.0
5  0.97999999999999998  0.0
6  0.73199999999999998  0.0
2  0.024  0.0
3  0.0  0.0
4  1.0  0.0
5  0.0  0.0
6  1.0  0.0
2  0.28000000000000003  0.0
3  0.0  0.0
4  0.0  0.0
5  0.0  0.0
6  0.90000000000000002  0.0
2  0.98199999999999998  0.0
3  0.0  0.0
4  0.053999999999999999  0.0
5  1.0  0.0
6  0.0  0.0
2  1.0  0.0
3  1.0  0.0
4  0.0  0.0
5  0.094  0.0
6  0.112  0.0
2  0.0  0.0
3  1.0  0.0
4  0.38200000000000001  0.0
5  0.0  0.0
6  0.0  0.0
2  1.0  0.0
3  0.0080000000000000002  0.0
4  0.97399999999999998  0.0
5  0.52000000000000002  0.0
6  0.0  0.0
2  0.002  0.0
3  1.0  0.0
4  0.22800000000000001  0.0
5  0.0  0.0
6  0.0080000000000000002  0.0
2  0.48999999999999999  0.0
3  0.002  0.0
4  0.0  0.0
5  1.0  0.0
6  0.0  0.0
2  0.51800000000000002  0.0
3  0.152  0.0
4  0.0  0.0
5  0.88600000000000001  0.0
6  0.0  0.0
2  1.0  0.0
3  0.0  0.0
4  0.53200000000000003  0.0
5  0.0  0.0
6  0.0  0.0
2  0.28000000000000003  0.0
3  1.0  0.0
4  0.0  0.0
5  0.0  0.0
6  0.0040000000000000001  0.0
2  1.0  0.0
3  0.0  0.0
4  0.39600000000000002  0.0
5  0.0  0.0
6  0.016  0.0
2  1.0  0.0
3  0.0  0.0
4  1.0  0.0
5  0.0  0.0
6  1.0  0.0
2  1.0  0.0
3  0.0  0.0
4  0.012  0.0
5  0.0  0.0
6  0.01  0.0
2  0.0  0.0
3  0.0  0.0
4  1.0  0.0
5  0.0  0.0
6  0.01  0.0
2  0.80800000000000005  0.0
3  0.0  0.0
4  1.0  0.0
5  0.0  0.0
6  0.0  0.0
2  0.002  0.0
3  0.0  0.0
4  0.050000000000000003  0.0
5  0.0  0.0
6  0.0  0.0
2  1.0  0.0
3  0.0  0.0
4  0.88800000000000001  0.0
5  0.017999999999999999  0.0
6  0.0  0.0
2  0.27400000000000002  0.0
3  0.76000000000000001  0.0
4  0.17399999999999999  0.0
5  0.0  0.0
6  0.0  0.0
2  1.0  0.0
3  0.0080000000000000002  0.0
4  1.0  0.0
5  0.94199999999999995  0.0
6  0.28399999999999997  0.0
2  1.0  0.0
3  1.0  0.0
4  1.0  0.0
5  0.92600000000000005  0.0
6  0.40600000000000003  0.0
2  0.0040000000000000001  0.0
3  0.040000000000000001  0.0
4  0.0  0.0
5  0.91600000000000004  0.0
6  0.0  0.0
2  0.002  0.0
3  0.97199999999999998  0.0
4  1.0  0.0
5  0.0  0.0
6  0.0  0.0
2  1.0  0.0
3  1.0  0.0
4  1.0  0.0
5  0.014  0.0
6  0.0  0.0
2  0.0060000000000000001  0.0
3  0.0  0.0
4  1.0  0.0
5  0.0  0.0
6  0.104  0.0
2  1.0  0.0
3  0.70799999999999996  0.0
4  0.0  0.0
5  0.0  0.0
6  0.95199999999999996  0.0
2  1.0  0.0
3  0.0  0.0
4  0.0  0.0
5  0.0040000000000000001  0.0
6  1.0  0.0
2  0.0  0.0
3  0.053999999999999999  0.0
4  0.0  0.0
5  0.0  0.0
6  0.31  0.0
2  0.02  0.0
3  0.0  0.0
4  0.97399999999999998  0.0
5  0.0  0.0
6  0.0040000000000000001  0.0
2  0.016  0.0
3  1.0  0.0
4  0.0  0.0
5  0.98599999999999999  0.0
6  0.0  0.0
2  1.0  0.0
3  0.0  0.0
4  1.0  0.0
5  0.002  0.0
6  1.0  0.0
2  1.0  0.0
3  1.0  0.0
4  1.0  0.0
5  0.0  0.0
6  0.996  0.0
2  1.0  0.0
3  0.0  0.0
4  0.248  0.0
5  0.0  0.0
6  0.0  0.0
2  0.97599999999999998  0.0
3  0.0  0.0
4  0.25600000000000001  0.0
5  0.93400000000000005  0.0
6  0.0  0.0
2  0.95799999999999996  0.0
3  0.0  0.0
4  0.73799999999999999  0.0
5  0.0  0.0
6  0.028000000000000001  0.0
2  0.0  0.0
3  0.0  0.0
4  1.0  0.0
5  0.996  0.0
6  0.0  0.0
2  0.0  0.0
3  1.0  0.0
4  0.0  0.0
5  0.93799999999999994  0.0
6  0.002  0.0
2  0.0  0.0
3  0.0  0.0
4  0.0  0.0
5  0.224  0.0
6  0.314  0.0
2  1.0  0.0
3  0.0  0.0
4  1.0  0.0
5  0.051999999999999998  0.0
6  1.0  0.0
2  1.0  0.0
3  0.0  0.0
4  0.56200000000000006  0.0
5  0.002  0.0
6  0.19  0.0
2  1.0  0.0
3  0.028000000000000001  0.0
4  0.0  0.0
5  0.93200000000000005  0.0
6  0.98399999999999999  0.0
2  0.98999999999999999  0.0
3  0.0  0.0
4  1.0  0.0
5  0.0  0.0
6  1.0  0.0
2  0.0  0.0
3  0.0  0.0
4  0.0  0.0
5  0.97599999999999998  0.0
6  0.0  0.0
