1  0.97999999999999998  0.081052631578947362
2  0.97999999999999998  0.0094736842105263164
3  1.0  0.0
4  1.0  0.0
5  1.0  0.0
6  1.0  0.0
7  1.0  0.0
8  1.0  0.0
9  1.0  0.0
10  1.0  0.0
1  1.0  0.0
2  1.0  0.0
3  1.0  0.0
4  1.0  0.0
5  1.0  0.0
6  1.0  0.0
7  1.0  0.0
8  1.0  0.0
9  1.0  0.0
10  1.0  0.0
1  0.93999999999999995  0.05894736842105263
2  0.95999999999999996  0.080000000000000002
3  1.0  0.0084210526315789472
4  1.0  0.0084210526315789472
5  1.0  0.0
6  1.0  0.0
7  1.0  0.0
8  1.0  0.0
9  1.0  0.0
10  1.0  0.0
1  0.92000000000000004  0.12947368421052632
2  1.0  0.0021052631578947368
3  1.0  0.0
4  1.0  0.0
5  1.0  0.0
6  1.0  0.0
7  1.0  0.0
8  1.0  0.0
9  1.0  0.0
10  1.0  0.0
1  0.90000000000000002  0.12947368421052632
2  0.95999999999999996  0.10631578947368421
3  0.93999999999999995  0.071578947368421048
4  1.0  0.0
5  1.0  0.0
6  1.0  0.0
7  1.0  0.0
8  1.0  0.0
9  1.0  0.0
10  1.0  0.0
1  0.83999999999999997  0.20000000000000001
2  1.0  0.0
3  1.0  0.0
4  1.0  0.0
5  1.0  0.0
6  1.0  0.0
7  1.0  0.0
8  1.0  0.0
9  1.0  0.0
10  1.0  0.0
1  0.97999999999999998  0.036842105263157891
2  0.93999999999999995  0.053684210526315793
3  1.0  0.0
4  1.0  0.0
5  1.0  0.0
6  1.0  0.0
7  1.0  0.0
8  1.0  0.0
9  1.0  0.0
10  1.0  0.0
1  0.92000000000000004  0.056842105263157895
2  0.97999999999999998  0.050526315789473683
3  1.0  0.0
4  1.0  0.0
5  1.0  0.0
6  1.0  0.0
7  1.0  0.0
8  1.0  0.0
9  1.0  0.0
10  1.0  0.0
1  0.97999999999999998  0.02
2  1.0  0.0
3  1.0  0.0
4  1.0  0.0
5  1.0  0.0
6  1.0  0.0
7  1.0  0.0
8  1.0  0.0
9  1.0  0.0
10  1.0  0.0
1  1.0  0.016842105263157894
2  1.0  0.0
3  1.0  0.0
4  0.97999999999999998  0.0063157894736842104
5  1.0  0.0
6  1.0  0.0
7  1.0  0.0
8  1.0  0.0
9  1.0  0.0
10  1.0  0.0
1  1.0  0.01368421052631579
2  1.0  0.0
3  1.0  0.0
4  1.0  0.0
5  1.0  0.0
6  1.0  0.0
7  1.0  0.0
8  1.0  0.0
9  1.0  0.0
10  1.0  0.0
1  1.0  0.0073684210526315788
2  1.0  0.02736842105263158
3  1.0  0.0
4  1.0  0.0
5  1.0  0.0
6  1.0  0.0
7  1.0  0.0
8  1.0  0.0
9  1.0  0.0
10  1.0  0.0
1  1.0  0.0
2  1.0  0.0
3  1.0  0.024210526315789474
4  1.0  0.0
5  1.0  0.0
6  1.0  0.0
7  1.0  0.0
8  1.0  0.0
9  1.0  0.0
10  1.0  0.0
1  1.0  0.0
2  1.0  0.0
3  0.92000000000000004  0.048421052631578948
4  1.0  0.0
5  1.0  0.0
6  1.0  0.0
7  1.0  0.0
8  1.0  0.0
9  1.0  0.0
10  1.0  0.0
1  0.85999999999999999  0.14842105263157895
2  1.0  0.0
3  1.0  0.0
4  1.0  0.0
5  1.0  0.0
6  1.0  0.0010526315789473684
7  1.0  0.0
8  1.0  0.0
9  1.0  0.0
10  1.0  0.0
1  0.97999999999999998  0.028421052631578948
2  1.0  0.0
3  1.0  0.0
4  1.0  0.0
5  1.0  0.0
6  1.0  0.0
7  1.0  0.0
8  1.0  0.0
9  1.0  0.0
10  1.0  0.0
1  0.76000000000000001  0.17157894736842105
2  1.0  0.0
3  1.0  0.0
4  1.0  0.0010526315789473684
5  1.0  0.0
6  1.0  0.0
7  1.0  0.0
8  1.0  0.0
9  1.0  0.0
10  1.0  0.0
1  1.0  0.0
2  0.97999999999999998  0.01368421052631579
3  1.0  0.0
4  1.0  0.0
5  1.0  0.0
6  1.0  0.0
7  1.0  0.0
8  1.0  0.0
9  1.0  0.0
10  1.0  0.0
1  0.80000000000000004  0.11473684210526315
2  1.0  0.086315789473684207
3  1.0  0.0042105263157894736
4  0.97999999999999998  0.0042105263157894736
5  1.0  0.0
6  1.0  0.0
7  1.0  0.0
8  1.0  0.0
9  1.0  0.0
10  1.0  0.0
1  1.0  0.0
2  1.0  0.0
3  1.0  0.0
4  1.0  0.0
5  1.0  0.0
6  1.0  0.0
7  1.0  0.0
8  1.0  0.0
9  1.0  0.0
10  1.0  0.0
1  0.73999999999999999  0.17789473684210527
2  1.0  0.0
3  1.0  0.0
4  1.0  0.0
5  1.0  0.0
6  1.0  0.0
7  1.0  0.0
8  1.0  0.0
9  1.0  0.0
10  1.0  0.0
1  0.95999999999999996  0.023157894736842106
2  1.0  0.0
3  0.97999999999999998  0.034736842105263156
4  1.0  0.0
5  1.0  0.0
6  1.0  0.0
7  1.0  0.0
8  1.0  0.0
9  1.0  0.0
10  1.0  0.0
1  0.80000000000000004  0.12842105263157894
2  1.0  0.0
3  0.97999999999999998  0.005263157894736842
4  1.0  0.0
5  1.0  0.0
6  1.0  0.0
7  1.0  0.0
8  1.0  0.0
9  1.0  0.0
10  1.0  0.0
1  1.0  0.025263157894736842
2  1.0  0.0
3  1.0  0.0
4  1.0  0.0
5  1.0  0.0
6  1.0  0.0
7  1.0  0.0
8  1.0  0.0
9  1.0  0.0
10  1.0  0.0
1  1.0  0.0
2  0.95999999999999996  0.086315789473684207
3  1.0  0.0
4  1.0  0.0
5  1.0  0.0
6  1.0  0.0
7  1.0  0.0
8  1.0  0.0
9  1.0  0.0
10  1.0  0.0
1  0.92000000000000004  0.055789473684210528
2  1.0  0.0
3  1.0  0.0
4  1.0  0.0021052631578947368
5  1.0  0.0
6  1.0  0.0
7  1.0  0.0
8  1.0  0.0
9  1.0  0.0
10  1.0  0.0
1  0.93999999999999995  0.073684210526315783
2  1.0  0.0
3  1.0  0.0
4  1.0  0.01368421052631579
5  1.0  0.0021052631578947368
6  1.0  0.0
7  1.0  0.0
8  1.0  0.0
9  1.0  0.0
10  1.0  0.0
1  0.90000000000000002  0.090526315789473691
2  1.0  0.0010526315789473684
3  1.0  0.0010526315789473684
4  1.0  0.0
5  1.0  0.0
6  1.0  0.0
7  1.0  0.0
8  1.0  0.0
9  1.0  0.0
10  1.0  0.0
1  0.81999999999999995  0.17052631578947369
2  1.0  0.059999999999999998
3  1.0  0.0
4  1.0  0.0
5  1.0  0.0
6  1.0  0.0
7  1.0  0.0
8  1.0  0.0
9  1.0  0.0
10  1.0  0.0
1  0.97999999999999998  0.025263157894736842
2  0.95999999999999996  0.017894736842105262
3  1.0  0.0
4  1.0  0.0
5  1.0  0.0
6  1.0  0.0
7  1.0  0.0
8  1.0  0.0
9  1.0  0.0
10  1.0  0.0
1  1.0  0.0
2  0.97999999999999998  0.0063157894736842104
3  1.0  0.0
4  1.0  0.0
5  1.0  0.0
6  1.0  0.0
7  1.0  0.0
8  1.0  0.0
9  1.0  0.0
10  1.0  0.0
1  1.0  0.0
2  1.0  0.0
3  1.0  0.0
4  1.0  0.0
5  1.0  0.0
6  1.0  0.0
7  1.0  0.0
8  1.0  0.0
9  1.0  0.0
10  1.0  0.0
1  1.0  0.0
2  0.97999999999999998  0.016842105263157894
3  0.97999999999999998  0.018947368421052633
4  1.0  0.0
5  1.0  0.0010526315789473684
6  1.0  0.0
7  1.0  0.0
8  1.0  0.0
9  1.0  0.0
10  1.0  0.0
1  1.0  0.0021052631578947368
2  1.0  0.0
3  1.0  0.0
4  1.0  0.0
5  1.0  0.0010526315789473684
6  1.0  0.0
7  1.0  0.0
8  1.0  0.0
9  1.0  0.0
10  1.0  0.0
1  0.90000000000000002  0.098947368421052631
2  0.93999999999999995  0.046315789473684213
3  0.93999999999999995  0.0042105263157894736
4  1.0  0.0
5  1.0  0.0
6  1.0  0.0
7  1.0  0.0
8  1.0  0.0
9  1.0  0.0
10  1.0  0.0
1  0.93999999999999995  0.045263157894736845
2  0.97999999999999998  0.011578947368421053
3  1.0  0.0
4  1.0  0.0
5  1.0  0.0
6  1.0  0.0
7  1.0  0.0
8  1.0  0.0
9  1.0  0.0
10  1.0  0.0
1  0.93999999999999995  0.048421052631578948
2  0.97999999999999998  0.044210526315789471
3  1.0  0.0
4  1.0  0.0
5  1.0  0.0073684210526315788
6  1.0  0.0
7  1.0  0.0
8  1.0  0.0
9  1.0  0.0
10  1.0  0.0
1  0.76000000000000001  0.05473684210526316
2  1.0  0.0
3  0.97999999999999998  0.050526315789473683
4  1.0  0.0
5  1.0  0.0
6  1.0  0.0
7  1.0  0.0
8  1.0  0.0
9  1.0  0.0
10  1.0  0.0
1  0.90000000000000002  0.093684210526315786
2  0.97999999999999998  0.030526315789473683
3  0.95999999999999996  0.0063157894736842104
4  1.0  0.0
5  1.0  0.0
6  1.0  0.0
7  1.0  0.0
8  1.0  0.0
9  1.0  0.0
10  1.0  0.0
1  0.83999999999999997  0.18105263157894738
2  0.95999999999999996  0.063157894736842107
3  1.0  0.0
4  1.0  0.0
5  1.0  0.0
6  1.0  0.0
7  1.0  0.0
8  1.0  0.0
9  1.0  0.0
10  1.0  0.0
1  0.95999999999999996  0.022105263157894735
2  1.0  0.0042105263157894736
3  1.0  0.0
4  1.0  0.0
5  1.0  0.0
6  1.0  0.0
7  1.0  0.0
8  1.0  0.0
9  1.0  0.0
10  1.0  0.0
1  1.0  0.024210526315789474
2  1.0  0.0
3  1.0  0.0
4  1.0  0.0010526315789473684
5  1.0  0.0
6  1.0  0.0
7  1.0  0.0
8  1.0  0.0
9  1.0  0.0
10  1.0  0.0
1  0.71999999999999997  0.23052631578947369
2  1.0  0.0021052631578947368
3  1.0  0.005263157894736842
4  0.97999999999999998  0.012631578947368421
5  1.0  0.0
6  1.0  0.0
7  1.0  0.0
8  1.0  0.0
9  1.0  0.0
10  1.0  0.0
1  1.0  0.041052631578947368
2  1.0  0.0
3  1.0  0.0
4  1.0  0.015789473684210527
5  1.0  0.0
6  1.0  0.0
7  1.0  0.0
8  1.0  0.0
9  1.0  0.0
10  1.0  0.0
1  0.73999999999999999  0.19263157894736843
2  1.0  0.0
3  1.0  0.0
4  1.0  0.0
5  1.0  0.0
6  1.0  0.0
7  1.0  0.0
8  1.0  0.0
9  1.0  0.0
10  1.0  0.0
1  1.0  0.0
2  1.0  0.0
3  1.0  0.0
4  1.0  0.0
5  1.0  0.0
6  0.97999999999999998  0.0010526315789473684
7  1.0  0.0
8  1.0  0.0
9  1.0  0.0
10  1.0  0.0
1  1.0  0.0
2  1.0  0.012631578947368421
3  0.95999999999999996  0.024210526315789474
4  0.97999999999999998  0.011578947368421053
5  1.0  0.0042105263157894736
6  1.0  0.0
7  1.0  0.0
8  1.0  0.0
9  1.0  0.0
10  1.0  0.0
1  1.0  0.045263157894736845
2  1.0  0.0
3  1.0  0.0
4  1.0  0.0
5  1.0  0.0
6  1.0  0.0
7  1.0  0.0
8  1.0  0.0
9  1.0  0.0
10  1.0  0.0
1  1.0  0.0
2  1.0  0.0
3  1.0  0.0
4  1.0  0.0
5  1.0  0.0094736842105263164
6  1.0  0.0
7  1.0  0.0
8  1.0  0.0
9  1.0  0.0
10  1.0  0.0
1  1.0  0.0
2  0.90000000000000002  0.088421052631578942
3  1.0  0.0
4  1.0  0.0010526315789473684
5  1.0  0.0
6  1.0  0.0
7  1.0  0.0
8  1.0  0.0
9  1.0  0.0
10  1.0  0.0
1  1.0  0.0
2  0.92000000000000004  0.087368421052631581
3  1.0  0.0
4  1.0  0.0
5  1.0  0.0
6  1.0  0.0
7  1.0  0.0
8  1.0  0.0
9  1.0  0.0
10  1.0  0.0
1  1.0  0.0
2  1.0  0.01368421052631579
3  1.0  0.0
4  0.97999999999999998  0.0031578947368421052
5  1.0  0.0
6  1.0  0.0
7  1.0  0.0
8  1.0  0.0
9  1.0  0.0
10  1.0  0.0
1  0.85999999999999999  0.18526315789473685
2  0.88  0.091578947368421051
3  1.0  0.0
4  1.0  0.0
5  1.0  0.0010526315789473684
6  1.0  0.0
7  1.0  0.0
8  1.0  0.0
9  1.0  0.0010526315789473684
10  1.0  0.0
1  0.90000000000000002  0.091578947368421051
2  0.95999999999999996  0.061052631578947365
3  1.0  0.0
4  1.0  0.0
5  1.0  0.0
6  1.0  0.0
7  1.0  0.0
8  1.0  0.0
9  1.0  0.0
10  1.0  0.0
1  1.0  0.0084210526315789472
2  1.0  0.0084210526315789472
3  1.0  0.0
4  1.0  0.0
5  1.0  0.0063157894736842104
6  1.0  0.0
7  1.0  0.0
8  1.0  0.0
9  1.0  0.0
10  1.0  0.0
1  0.80000000000000004  0.11578947368421053
2  1.0  0.0
3  1.0  0.0
4  0.97999999999999998  0.0010526315789473684
5  1.0  0.0
6  1.0  0.0
7  1.0  0.0
8  1.0  0.0
9  1.0  0.0
10  1.0  0.0
1  1.0  0.0063157894736842104
2  0.97999999999999998  0.010526315789473684
3  1.0  0.0
4  1.0  0.0
5  1.0  0.0
6  1.0  0.0
7  1.0  0.0
8  1.0  0.0
9  1.0  0.0
10  1.0  0.0
1  0.85999999999999999  0.17052631578947369
2  0.95999999999999996  0.005263157894736842
3  1.0  0.0
4  0.97999999999999998  0.0021052631578947368
5  1.0  0.0010526315789473684
6  1.0  0.0
7  1.0  0.0
8  1.0  0.0
9  1.0  0.0
10  1.0  0.0
1  0.78000000000000003  0.17684210526315788
2  1.0  0.0
3  1.0  0.0021052631578947368
4  1.0  0.0
5  1.0  0.0
6  1.0  0.0
7  1.0  0.0
8  1.0  0.0
9  1.0  0.0
10  1.0  0.0
1  0.95999999999999996  0.018947368421052633
2  1.0  0.0010526315789473684
3  1.0  0.0
4  1.0  0.0
5  1.0  0.0010526315789473684
6  1.0  0.0
7  1.0  0.0
8  1.0  0.0
9  1.0  0.0
10  1.0  0.0
1  1.0  0.022105263157894735
2  1.0  0.0
3  1.0  0.0
4  1.0  0.0
5  1.0  0.0
6  1.0  0.0
7  1.0  0.0
8  1.0  0.0
9  1.0  0.0
10  1.0  0.0
1  0.90000000000000002  0.098947368421052631
2  1.0  0.0
3  0.97999999999999998  0.022105263157894735
4  1.0  0.0
5  1.0  0.0
6  1.0  0.0
7  1.0  0.0
8  1.0  0.0
9  1.0  0.0
10  1.0  0.0
1  0.92000000000000004  0.10000000000000001
2  1.0  0.0
3  1.0  0.0
4  1.0  0.0
5  1.0  0.0
6  1.0  0.0
7  1.0  0.0
8  1.0  0.0
9  1.0  0.0
10  1.0  0.0
1  0.90000000000000002  0.043157894736842103
2  1.0  0.0010526315789473684
3  1.0  0.0
4  1.0  0.0
5  1.0  0.0
6  0.97999999999999998  0.005263157894736842
7  1.0  0.0
8  1.0  0.0
9  1.0  0.0
10  1.0  0.0
1  0.92000000000000004  0.086315789473684207
2  1.0  0.010526315789473684
3  1.0  0.0
4  1.0  0.0
5  1.0  0.0
6  1.0  0.0
7  1.0  0.0
8  1.0  0.0
9  1.0  0.0
10  1.0  0.0
1  0.80000000000000004  0.20947368421052631
2  0.95999999999999996  0.061052631578947365
3  1.0  0.0
4  1.0  0.0
5  1.0  0.0
6  1.0  0.0
7  1.0  0.0
8  1.0  0.0
9  1.0  0.0
10  1.0  0.0
1  0.85999999999999999  0.21157894736842106
2  1.0  0.0
3  1.0  0.0
4  1.0  0.0
5  1.0  0.0
6  1.0  0.0
7  1.0  0.0
8  1.0  0.0
9  1.0  0.0
10  1.0  0.0
1  0.88  0.19157894736842104
2  1.0  0.010526315789473684
3  1.0  0.0021052631578947368
4  1.0  0.0042105263157894736
5  1.0  0.0
6  1.0  0.0
7  1.0  0.0
8  1.0  0.0
9  1.0  0.0
10  1.0  0.0
1  0.85999999999999999  0.082105263157894737
2  1.0  0.0
3  0.97999999999999998  0.015789473684210527
4  1.0  0.0
5  1.0  0.0
6  1.0  0.0
7  1.0  0.0
8  1.0  0.0
9  1.0  0.0
10  1.0  0.0
1  0.78000000000000003  0.18105263157894738
2  1.0  0.0
3  1.0  0.022105263157894735
4  1.0  0.0
5  1.0  0.0
6  1.0  0.0
7  1.0  0.0
8  1.0  0.0
9  1.0  0.0
10  1.0  0.0
1  0.83999999999999997  0.17263157894736841
2  1.0  0.0
3  1.0  0.0
4  1.0  0.0
5  1.0  0.0
6  1.0  0.0
7  1.0  0.0
8  1.0  0.0
9  1.0  0.0
10  1.0  0.0
1  0.92000000000000004  0.032631578947368421
2  1.0  0.0
3  1.0  0.0
4  1.0  0.0
5  1.0  0.0
6  1.0  0.0
7  1.0  0.0
8  1.0  0.0
9  1.0  0.0
10  1.0  0.0
1  0.92000000000000004  0.056842105263157895
2  1.0  0.0
3  1.0  0.0
4  1.0  0.0
5  1.0  0.0063157894736842104
6  1.0  0.0
7  1.0  0.0
8  1.0  0.0
9  1.0  0.0
10  1.0  0.0
1  1.0  0.0
2  1.0  0.0
3  1.0  0.0
4  1.0  0.0031578947368421052
5  1.0  0.0
6  1.0  0.0
7  1.0  0.0
8  1.0  0.0
9  1.0  0.0
10  1.0  0.0
1  0.88  0.12947368421052632
2  1.0  0.0
3  1.0  0.016842105263157894
4  1.0  0.0
5  1.0  0.0
6  1.0  0.0
7  1.0  0.0
8  1.0  0.0
9  1.0  0.0
10  1.0  0.0
1  1.0  0.0
2  1.0  0.014736842105263158
3  1.0  0.0
4  1.0  0.0
5  1.0  0.0
6  1.0  0.0
7  1.0  0.0
8  1.0  0.0
9  1.0  0.0
10  1.0  0.0
1  0.83999999999999997  0.1431578947368421
2  0.97999999999999998  0.005263157894736842
3  1.0  0.0
4  1.0  0.0010526315789473684
5  1.0  0.0
6  1.0  0.0
7  1.0  0.0
8  1.0  0.0
9  1.0  0.0
10  1.0  0.0
1  1.0  0.0
2  1.0  0.0
3  1.0  0.0010526315789473684
4  1.0  0.0021052631578947368
5  1.0  0.0
6  1.0  0.0
7  1.0  0.0
8  1.0  0.0
9  1.0  0.0
10  1.0  0.0
1  0.81999999999999995  0.18947368421052632
2  0.95999999999999996  0.015789473684210527
3  1.0  0.0
4  1.0  0.0
5  1.0  0.0
6  1.0  0.0
7  1.0  0.0
8  1.0  0.0
9  1.0  0.0
10  1.0  0.0
1  0.90000000000000002  0.19473684210526315
2  0.97999999999999998  0.026315789473684209
3  1.0  0.005263157894736842
4  1.0  0.0
5  1.0  0.0
6  1.0  0.0
7  1.0  0.0
8  1.0  0.0
9  1.0  0.0
10  1.0  0.0
1  0.85999999999999999  0.15684210526315789
2  1.0  0.0
3  1.0  0.0021052631578947368
4  1.0  0.005263157894736842
5  1.0  0.0
6  1.0  0.0
7  1.0  0.0
8  1.0  0.0
9  1.0  0.0
10  1.0  0.0
1  0.95999999999999996  0.063157894736842107
2  0.97999999999999998  0.014736842105263158
3  1.0  0.0
4  1.0  0.0
5  1.0  0.0
6  1.0  0.0
7  1.0  0.0
8  1.0  0.0
9  1.0  0.0
10  1.0  0.0
1  1.0  0.0084210526315789472
2  1.0  0.0
3  1.0  0.0042105263157894736
4  1.0  0.0
5  1.0  0.01368421052631579
6  1.0  0.0
7  1.0  0.0
8  1.0  0.0
9  1.0  0.0
10  1.0  0.0
1  0.85999999999999999  0.16736842105263158
2  0.97999999999999998  0.017894736842105262
3  1.0  0.0010526315789473684
4  1.0  0.0
5  1.0  0.0042105263157894736
6  1.0  0.0
7  1.0  0.0
8  1.0  0.0
9  1.0  0.0
10  1.0  0.0
1  1.0  0.030526315789473683
2  1.0  0.0
3  1.0  0.0
4  1.0  0.010526315789473684
5  1.0  0.0
6  1.0  0.0
7  1.0  0.0
8  1.0  0.0
9  1.0  0.0
10  1.0  0.0
1  1.0  0.0
2  0.97999999999999998  0.016842105263157894
3  1.0  0.0
4  0.95999999999999996  0.0084210526315789472
5  1.0  0.0
6  1.0  0.0
7  1.0  0.0
8  1.0  0.0
9  1.0  0.0
10  1.0  0.0
1  1.0  0.005263157894736842
2  1.0  0.0
3  1.0  0.0
4  1.0  0.0
5  1.0  0.0
6  1.0  0.0
7  1.0  0.0
8  1.0  0.0
9  1.0  0.0
10  1.0  0.0
1  0.93999999999999995  0.067368421052631577
2  1.0  0.0031578947368421052
3  1.0  0.0
4  1.0  0.0
5  1.0  0.0
6  1.0  0.0
7  1.0  0.0
8  1.0  0.0
9  1.0  0.0
10  1.0  0.0
1  0.85999999999999999  0.14842105263157895
2  1.0  0.0
3  1.0  0.0
4  1.0  0.0
5  1.0  0.0
6  1.0  0.0
7  1.0  0.0
8  1.0  0.0
9  1.0  0.0
10  1.0  0.0
1  1.0  0.0
2  0.85999999999999999  0.088421052631578942
3  1.0  0.0
4  1.0  0.0094736842105263164
5  1.0  0.0
6  1.0  0.0
7  1.0  0.0
8  1.0  0.0
9  1.0  0.0
10  1.0  0.0
1  1.0  0.0
2  1.0  0.035789473684210524
3  1.0  0.022105263157894735
4  1.0  0.0
5  1.0  0.0
6  1.0  0.0
7  1.0  0.0
8  1.0  0.0
9  1.0  0.0
10  1.0  0.0
1  1.0  0.0
2  1.0  0.0
3  1.0  0.0010526315789473684
4  1.0  0.0
5  1.0  0.0
6  1.0  0.0
7  1.0  0.0
8  1.0  0.0
9  1.0  0.0
10  1.0  0.0
1  0.97999999999999998  0.038947368421052633
2  1.0  0.0031578947368421052
3  0.97999999999999998  0.063157894736842107
4  1.0  0.0063157894736842104
5  1.0  0.0
6  1.0  0.0
7  1.0  0.0
8  1.0  0.0
9  1.0  0.0
10  1.0  0.0
1  0.95999999999999996  0.096842105263157896
2  0.92000000000000004  0.086315789473684207
3  0.97999999999999998  0.010526315789473684
4  1.0  0.0010526315789473684
5  1.0  0.0
6  1.0  0.0
7  1.0  0.0
8  1.0  0.0
9  1.0  0.0
10  1.0  0.0
1  0.95999999999999996  0.087368421052631581
2  1.0  0.0
3  0.93999999999999995  0.015789473684210527
4  1.0  0.0
5  1.0  0.0
6  1.0  0.0
7  1.0  0.0
8  1.0  0.0
9  1.0  0.0
10  1.0  0.0
1  1.0  0.0
2  1.0  0.02
3  1.0  0.0
4  1.0  0.005263157894736842
5  1.0  0.0
6  1.0  0.0
7  1.0  0.0
8  1.0  0.0
9  1.0  0.0
10  1.0  0.0
1  0.88  0.089473684210526316
2  1.0  0.0
3  1.0  0.0
4  1.0  0.0
5  1.0  0.0
6  1.0  0.0
7  1.0  0.0
8  1.0  0.0
9  1.0  0.0
10  1.0  0.0
1  1.0  0.0010526315789473684
2  0.95999999999999996  0.049473684210526316
3  1.0  0.0
4  1.0  0.0
5  1.0  0.01368421052631579
6  1.0  0.0
7  1.0  0.0
8  1.0  0.0
9  1.0  0.0
10  1.0  0.0
1  0.88  0.12
2  1.0  0.0
3  1.0  0.0
4  1.0  0.0
5  1.0  0.0
6  1.0  0.0
7  1.0  0.0
8  1.0  0.0
9  1.0  0.0
10  1.0  0.0
1  0.88  0.11473684210526315
2  1.0  0.0084210526315789472
3  1.0  0.0
4  1.0  0.0
5  1.0  0.0
6  1.0  0.0
7  1.0  0.0
8  1.0  0.0
9  1.0  0.0
10  1.0  0.0
