2  0.0  0.0
3  0.80000000000000004  0.0
4  1.0  0.0
5  1.0  0.0
6  1.0  0.0
7  1.0  0.0
8  1.0  0.010526315789473684
9  1.0  0.0
10  1.0  0.0
11  1.0  0.0
2  0.0  0.0
3  1.0  0.0
4  1.0  0.0
5  1.0  0.0
6  1.0  0.021052631578947368
7  1.0  0.0
8  1.0  0.0
9  1.0  0.010526315789473684
10  1.0  0.021052631578947368
11  1.0  0.10526315789473684
2  0.0  0.0
3  0.80000000000000004  0.0
4  1.0  0.0
5  1.0  0.0
6  1.0  0.0
7  1.0  0.0
8  1.0  0.0
9  1.0  0.0
10  1.0  0.0
11  1.0  0.021052631578947368
2  0.0  0.0
3  1.0  0.010526315789473684
4  1.0  0.0
5  1.0  0.0
6  1.0  0.031578947368421054
7  1.0  0.0
8  1.0  0.0
9  1.0  0.010526315789473684
10  1.0  0.0
11  1.0  0.0
2  0.0  0.0
3  1.0  0.0
4  1.0  0.010526315789473684
5  1.0  0.021052631578947368
6  1.0  0.0
7  1.0  0.010526315789473684
8  1.0  0.0
9  1.0  0.021052631578947368
10  1.0  0.0
11  1.0  0.0
2  0.0  0.0
3  1.0  0.0
4  1.0  0.0
5  1.0  0.0
6  1.0  0.0
7  1.0  0.0
8  1.0  0.010526315789473684
9  1.0  0.0
10  1.0  0.021052631578947368
11  1.0  0.0
2  0.0  0.0
3  1.0  0.0
4  1.0  0.0
5  1.0  0.0
6  1.0  0.0
7  1.0  0.0
8  1.0  0.0
9  1.0  0.0
10  1.0  0.0
11  1.0  0.0
2  0.0  0.0
3  1.0  0.0
4  1.0  0.0
5  1.0  0.0
6  1.0  0.0
7  1.0  0.010526315789473684
8  1.0  0.021052631578947368
9  1.0  0.031578947368421054
10  1.0  0.0
11  1.0  0.0
2  0.0  0.0
3  1.0  0.0
4  1.0  0.0
5  1.0  0.010526315789473684
6  1.0  0.0
7  1.0  0.0
8  1.0  0.0
9  1.0  0.042105263157894736
10  1.0  0.042105263157894736
11  1.0  0.084210526315789472
2  0.0  0.0
3  1.0  0.0
4  1.0  0.0
5  1.0  0.0
6  1.0  0.0
7  1.0  0.031578947368421054
8  1.0  0.021052631578947368
9  1.0  0.0
10  1.0  0.0
11  1.0  0.0
2  0.0  0.0
3  1.0  0.0
4  1.0  0.021052631578947368
5  1.0  0.0
6  1.0  0.010526315789473684
7  1.0  0.0
8  1.0  0.063157894736842107
9  1.0  0.010526315789473684
10  1.0  0.094736842105263161
11  1.0  0.0
2  0.0  0.0
3  1.0  0.0
4  1.0  0.0
5  1.0  0.021052631578947368
6  1.0  0.0
7  1.0  0.0
8  1.0  0.0
9  1.0  0.0
10  1.0  0.0
11  1.0  0.11578947368421053
2  0.0  0.0
3  1.0  0.0
4  1.0  0.0
5  1.0  0.0
6  1.0  0.0
7  1.0  0.0
8  1.0  0.0
9  1.0  0.021052631578947368
10  1.0  0.010526315789473684
11  1.0  0.0
2  0.0  0.0
3  1.0  0.0
4  1.0  0.010526315789473684
5  1.0  0.0
6  1.0  0.0
7  1.0  0.021052631578947368
8  1.0  0.0
9  1.0  0.010526315789473684
10  1.0  0.010526315789473684
11  1.0  0.0
2  0.0  0.0
3  1.0  0.0
4  1.0  0.0
5  1.0  0.0
6  1.0  0.0
7  1.0  0.0
8  1.0  0.021052631578947368
9  1.0  0.0
10  1.0  0.084210526315789472
11  1.0  0.010526315789473684
2  0.0  0.0
3  0.80000000000000004  0.0
4  1.0  0.0
5  1.0  0.0
6  1.0  0.010526315789473684
7  1.0  0.0
8  1.0  0.010526315789473684
9  1.0  0.0
10  1.0  0.0
11  1.0  0.0
2  0.0  0.0
3  0.80000000000000004  0.0
4  1.0  0.0
5  1.0  0.0
6  1.0  0.010526315789473684
7  1.0  0.031578947368421054
8  1.0  0.0
9  1.0  0.10526315789473684
10  1.0  0.010526315789473684
11  1.0  0.010526315789473684
2  0.0  0.0
3  1.0  0.0
4  1.0  0.0
5  1.0  0.0
6  1.0  0.010526315789473684
7  1.0  0.0
8  1.0  0.0
9  1.0  0.0
10  1.0  0.0
11  1.0  0.042105263157894736
2  0.0  0.0
3  0.80000000000000004  0.0
4  1.0  0.0
5  1.0  0.0
6  1.0  0.0
7  1.0  0.0
8  1.0  0.0
9  1.0  0.0
10  1.0  0.010526315789473684
11  1.0  0.0
2  0.0  0.0
3  0.80000000000000004  0.0
4  1.0  0.0
5  1.0  0.010526315789473684
6  1.0  0.0
7  1.0  0.010526315789473684
8  1.0  0.021052631578947368
9  1.0  0.0
10  1.0  0.0
11  1.0  0.0
2  0.0  0.0
3  1.0  0.0
4  1.0  0.0
5  1.0  0.0
6  1.0  0.0
7  1.0  0.0
8  1.0  0.063157894736842107
9  1.0  0.0
10  1.0  0.0
11  1.0  0.010526315789473684
2  0.0  0.0
3  0.80000000000000004  0.0
4  1.0  0.0
5  1.0  0.0
6  1.0  0.0
7  1.0  0.0
8  1.0  0.0
9  1.0  0.042105263157894736
10  1.0  0.031578947368421054
11  1.0  0.031578947368421054
2  0.0  0.0
3  0.80000000000000004  0.0
4  1.0  0.0
5  1.0  0.0
6  1.0  0.0
7  1.0  0.0
8  1.0  0.010526315789473684
9  1.0  0.0
10  1.0  0.0
11  1.0  0.0
2  0.0  0.0
3  1.0  0.0
4  1.0  0.0
5  1.0  0.0
6  1.0  0.010526315789473684
7  1.0  0.0
8  1.0  0.031578947368421054
9  1.0  0.0
10  1.0  0.0
11  1.0  0.0
2  0.0  0.0
3  1.0  0.0
4  1.0  0.0
5  1.0  0.0
6  1.0  0.0
7  1.0  0.0
8  1.0  0.021052631578947368
9  1.0  0.010526315789473684
10  1.0  0.063157894736842107
11  1.0  0.0
2  0.0  0.0
3  1.0  0.0
4  1.0  0.0
5  1.0  0.010526315789473684
6  1.0  0.0
7  1.0  0.0
8  1.0  0.0
9  1.0  0.021052631578947368
10  1.0  0.0
11  1.0  0.010526315789473684
2  0.0  0.0
3  1.0  0.0
4  1.0  0.0
5  1.0  0.010526315789473684
6  1.0  0.010526315789473684
7  1.0  0.0
8  1.0  0.0
9  1.0  0.0
10  1.0  0.0
11  1.0  0.084210526315789472
2  0.0  0.0
3  1.0  0.010526315789473684
4  1.0  0.0
5  1.0  0.0
6  1.0  0.0
7  1.0  0.0
8  1.0  0.0
9  1.0  0.0
10  1.0  0.0
11  1.0  0.010526315789473684
2  0.0  0.0
3  1.0  0.0
4  1.0  0.0
5  1.0  0.0
6  1.0  0.010526315789473684
7  1.0  0.0
8  1.0  0.0
9  1.0  0.031578947368421054
10  1.0  0.052631578947368418
11  1.0  0.0
2  0.0  0.0
3  1.0  0.0
4  1.0  0.0
5  0.80000000000000004  0.0
6  1.0  0.0
7  1.0  0.0
8  1.0  0.0
9  1.0  0.042105263157894736
10  1.0  0.052631578947368418
11  1.0  0.031578947368421054
2  0.0  0.0
3  1.0  0.0
4  1.0  0.0
5  1.0  0.010526315789473684
6  1.0  0.010526315789473684
7  1.0  0.0
8  1.0  0.0
9  1.0  0.010526315789473684
10  1.0  0.0
11  1.0  0.0
2  0.0  0.0
3  1.0  0.0
4  1.0  0.0
5  1.0  0.0
6  1.0  0.0
7  1.0  0.0
8  1.0  0.021052631578947368
9  1.0  0.0
10  1.0  0.0
11  1.0  0.0
2  0.0  0.0
3  1.0  0.0
4  1.0  0.0
5  1.0  0.0
6  1.0  0.0
7  1.0  0.0
8  1.0  0.010526315789473684
9  1.0  0.0
10  1.0  0.0
11  1.0  0.073684210526315783
2  0.0  0.0
3  1.0  0.0
4  1.0  0.0
5  1.0  0.0
6  1.0  0.0
7  1.0  0.042105263157894736
8  1.0  0.021052631578947368
9  1.0  0.0
10  1.0  0.021052631578947368
11  1.0  0.031578947368421054
2  0.0  0.0
3  1.0  0.0
4  1.0  0.010526315789473684
5  1.0  0.0
6  1.0  0.0
7  1.0  0.0
8  1.0  0.0
9  1.0  0.0
10  1.0  0.0
11  1.0  0.0
2  0.0  0.0
3  1.0  0.0
4  1.0  0.0
5  1.0  0.0
6  1.0  0.0
7  1.0  0.0
8  1.0  0.0
9  1.0  0.0
10  1.0  0.031578947368421054
11  1.0  0.031578947368421054
2  0.0  0.0
3  1.0  0.0
4  1.0  0.0
5  1.0  0.0
6  1.0  0.0
7  1.0  0.0
8  1.0  0.0
9  1.0  0.0
10  1.0  0.063157894736842107
11  1.0  0.031578947368421054
2  0.0  0.0
3  1.0  0.0
4  1.0  0.0
5  1.0  0.0
6  1.0  0.0
7  1.0  0.0
8  1.0  0.0
9  1.0  0.0
10  1.0  0.010526315789473684
11  1.0  0.021052631578947368
2  0.0  0.0
3  1.0  0.0
4  1.0  0.0
5  1.0  0.0
6  1.0  0.0
7  1.0  0.031578947368421054
8  1.0  0.0
9  1.0  0.0
10  1.0  0.010526315789473684
11  1.0  0.0
2  0.0  0.0
3  1.0  0.0
4  1.0  0.0
5  1.0  0.0
6  1.0  0.0
7  1.0  0.010526315789473684
8  1.0  0.010526315789473684
9  1.0  0.021052631578947368
10  1.0  0.021052631578947368
11  1.0  0.021052631578947368
2  0.0  0.0
3  1.0  0.0
4  1.0  0.0
5  1.0  0.0
6  1.0  0.0
7  1.0  0.0
8  1.0  0.0
9  1.0  0.021052631578947368
10  1.0  0.031578947368421054
11  1.0  0.0
2  0.0  0.0
3  0.80000000000000004  0.0
4  1.0  0.0
5  1.0  0.0
6  1.0  0.0
7  1.0  0.010526315789473684
8  1.0  0.0
9  1.0  0.0
10  1.0  0.0
11  1.0  0.010526315789473684
2  0.0  0.0
3  1.0  0.0
4  1.0  0.0
5  1.0  0.0
6  1.0  0.0
7  1.0  0.0
8  1.0  0.0
9  1.0  0.0
10  1.0  0.0
11  1.0  0.0
2  0.0  0.0
3  1.0  0.0
4  1.0  0.021052631578947368
5  1.0  0.0
6  1.0  0.0
7  1.0  0.0
8  1.0  0.0
9  1.0  0.0
10  1.0  0.0
11  1.0  0.010526315789473684
2  0.0  0.0
3  1.0  0.0
4  1.0  0.0
5  1.0  0.0
6  1.0  0.0
7  1.0  0.0
8  1.0  0.0
9  1.0  0.010526315789473684
10  1.0  0.10526315789473684
11  1.0  0.010526315789473684
2  0.0  0.0
3  0.80000000000000004  0.0
4  1.0  0.0
5  1.0  0.0
6  1.0  0.0
7  1.0  0.0
8  1.0  0.0
9  1.0  0.0
10  1.0  0.010526315789473684
11  1.0  0.010526315789473684
2  0.0  0.0
3  1.0  0.0
4  1.0  0.0
5  1.0  0.0
6  1.0  0.0
7  1.0  0.021052631578947368
8  1.0  0.0
9  1.0  0.0
10  1.0  0.010526315789473684
11  1.0  0.0
2  0.0  0.0
3  1.0  0.0
4  1.0  0.0
5  1.0  0.0
6  1.0  0.0
7  1.0  0.084210526315789472
8  1.0  0.052631578947368418
9  1.0  0.0
10  1.0  0.0
11  1.0  0.0
2  0.0  0.0
3  1.0  0.0
4  1.0  0.0
5  1.0  0.0
6  1.0  0.0
7  1.0  0.0
8  1.0  0.010526315789473684
9  1.0  0.0
10  1.0  0.0
11  1.0  0.010526315789473684
2  0.0  0.0
3  1.0  0.0
4  1.0  0.0
5  1.0  0.0
6  1.0  0.0
7  1.0  0.0
8  1.0  0.0
9  1.0  0.0
10  1.0  0.0
11  1.0  0.0
2  0.0  0.0
3  1.0  0.0
4  1.0  0.0
5  1.0  0.0
6  1.0  0.0
7  1.0  0.0
8  1.0  0.0
9  1.0  0.0
10  1.0  0.010526315789473684
11  1.0  0.10526315789473684
2  0.0  0.0
3  1.0  0.0
4  1.0  0.0
5  1.0  0.0
6  1.0  0.0
7  1.0  0.0
8  1.0  0.0
9  1.0  0.031578947368421054
10  1.0  0.0
11  1.0  0.0
2  0.0  0.0
3  0.80000000000000004  0.0
4  1.0  0.0
5  1.0  0.0
6  1.0  0.0
7  1.0  0.0
8  1.0  0.021052631578947368
9  1.0  0.031578947368421054
10  1.0  0.052631578947368418
11  1.0  0.0
2  0.0  0.0
3  0.80000000000000004  0.0
4  1.0  0.0
5  1.0  0.0
6  1.0  0.0
7  1.0  0.0
8  1.0  0.12631578947368421
9  1.0  0.0
10  1.0  0.031578947368421054
11  1.0  0.052631578947368418
2  0.0  0.0
3  1.0  0.0
4  1.0  0.0
5  1.0  0.0
6  1.0  0.0
7  1.0  0.0
8  1.0  0.0
9  1.0  0.0
10  1.0  0.0
11  1.0  0.0
2  0.0  0.0
3  1.0  0.0
4  1.0  0.0
5  1.0  0.0
6  1.0  0.0
7  1.0  0.0
8  1.0  0.0
9  1.0  0.010526315789473684
10  1.0  0.031578947368421054
11  1.0  0.0
2  0.0  0.0
3  1.0  0.0
4  1.0  0.0
5  1.0  0.0
6  1.0  0.0
7  1.0  0.021052631578947368
8  1.0  0.042105263157894736
9  1.0  0.0
10  1.0  0.0
11  1.0  0.0
2  0.0  0.0
3  0.80000000000000004  0.0
4  1.0  0.0
5  1.0  0.0
6  1.0  0.0
7  1.0  0.0
8  1.0  0.0
9  1.0  0.094736842105263161
10  1.0  0.0
11  1.0  0.0
2  0.0  0.0
3  0.80000000000000004  0.0
4  1.0  0.0
5  1.0  0.0
6  1.0  0.0
7  1.0  0.0
8  1.0  0.0
9  1.0  0.0
10  1.0  0.052631578947368418
11  1.0  0.042105263157894736
2  0.0  0.0
3  1.0  0.0
4  1.0  0.0
5  1.0  0.0
6  1.0  0.0
7  1.0  0.0
8  1.0  0.021052631578947368
9  1.0  0.0
10  1.0  0.0
11  1.0  0.042105263157894736
2  0.0  0.0
3  0.80000000000000004  0.0
4  1.0  0.010526315789473684
5  1.0  0.0
6  1.0  0.0
7  1.0  0.0
8  1.0  0.021052631578947368
9  1.0  0.0
10  1.0  0.021052631578947368
11  1.0  0.094736842105263161
2  0.0  0.0
3  1.0  0.0
4  1.0  0.0
5  1.0  0.0
6  1.0  0.031578947368421054
7  1.0  0.021052631578947368
8  1.0  0.0
9  1.0  0.010526315789473684
10  1.0  0.010526315789473684
11  1.0  0.0
2  0.0  0.0
3  1.0  0.0
4  1.0  0.0
5  1.0  0.0
6  1.0  0.0
7  1.0  0.0
8  1.0  0.0
9  1.0  0.031578947368421054
10  1.0  0.0
11  1.0  0.010526315789473684
2  0.0  0.0
3  0.80000000000000004  0.0
4  1.0  0.0
5  1.0  0.0
6  1.0  0.0
7  1.0  0.0
8  1.0  0.0
9  1.0  0.021052631578947368
10  1.0  0.021052631578947368
11  1.0  0.0
2  0.0  0.0
3  1.0  0.0
4  1.0  0.0
5  1.0  0.0
6  1.0  0.0
7  1.0  0.021052631578947368
8  1.0  0.0
9  1.0  0.0
10  1.0  0.010526315789473684
11  1.0  0.042105263157894736
2  0.0  0.0
3  1.0  0.0
4  1.0  0.0
5  1.0  0.0
6  1.0  0.010526315789473684
7  1.0  0.0
8  1.0  0.0
9  1.0  0.031578947368421054
10  1.0  0.010526315789473684
11  1.0  0.0
2  0.0  0.0
3  1.0  0.0
4  1.0  0.0
5  1.0  0.0
6  1.0  0.0
7  1.0  0.010526315789473684
8  1.0  0.0
9  1.0  0.021052631578947368
10  1.0  0.0
11  1.0  0.0
2  0.0  0.0
3  1.0  0.0
4  1.0  0.0
5  1.0  0.0
6  1.0  0.0
7  1.0  0.021052631578947368
8  1.0  0.0
9  1.0  0.073684210526315783
10  1.0  0.031578947368421054
11  1.0  0.084210526315789472
2  0.0  0.0
3  1.0  0.0
4  1.0  0.0
5  1.0  0.0
6  1.0  0.0
7  1.0  0.0
8  1.0  0.0
9  1.0  0.010526315789473684
10  1.0  0.010526315789473684
11  1.0  0.0
2  0.0  0.0
3  1.0  0.0
4  1.0  0.0
5  1.0  0.0
6  1.0  0.0
7  1.0  0.0
8  1.0  0.0
9  1.0  0.0
10  1.0  0.0
11  1.0  0.021052631578947368
2  0.0  0.0
3  0.80000000000000004  0.0
4  1.0  0.0
5  1.0  0.0
6  1.0  0.0
7  1.0  0.0
8  1.0  0.042105263157894736
9  1.0  0.0
10  1.0  0.0
11  1.0  0.052631578947368418
2  0.0  0.0
3  1.0  0.0
4  1.0  0.0
5  1.0  0.0
6  1.0  0.0
7  1.0  0.0
8  1.0  0.010526315789473684
9  1.0  0.0
10  1.0  0.021052631578947368
11  1.0  0.010526315789473684
2  0.0  0.0
3  1.0  0.0
4  1.0  0.0
5  1.0  0.0
6  1.0  0.0
7  1.0  0.0
8  1.0  0.0
9  1.0  0.0
10  1.0  0.021052631578947368
11  1.0  0.0
2  0.0  0.0
3  1.0  0.0
4  1.0  0.0
5  1.0  0.010526315789473684
6  1.0  0.010526315789473684
7  1.0  0.0
8  1.0  0.0
9  1.0  0.17894736842105263
10  1.0  0.010526315789473684
11  1.0  0.0
2  0.0  0.0
3  1.0  0.0
4  1.0  0.0
5  1.0  0.0
6  1.0  0.0
7  1.0  0.0
8  1.0  0.0
9  1.0  0.0
10  1.0  0.11578947368421053
11  1.0  0.0
2  0.0  0.0
3  1.0  0.0
4  1.0  0.0
5  1.0  0.0
6  1.0  0.0
7  1.0  0.0
8  1.0  0.0
9  1.0  0.0
10  1.0  0.021052631578947368
11  1.0  0.0
2  0.0  0.0
3  1.0  0.0
4  1.0  0.0
5  1.0  0.0
6  1.0  0.0
7  1.0  0.0
8  1.0  0.0
9  1.0  0.010526315789473684
10  1.0  0.0
11  1.0  0.010526315789473684
2  0.0  0.0
3  1.0  0.0
4  1.0  0.0
5  1.0  0.0
6  1.0  0.021052631578947368
7  1.0  0.073684210526315783
8  1.0  0.0
9  1.0  0.0
10  1.0  0.0
11  1.0  0.063157894736842107
2  0.0  0.0
3  1.0  0.0
4  1.0  0.010526315789473684
5  1.0  0.0
6  1.0  0.0
7  1.0  0.042105263157894736
8  1.0  0.0
9  1.0  0.010526315789473684
10  1.0  0.021052631578947368
11  1.0  0.10526315789473684
2  0.0  0.0
3  1.0  0.0
4  1.0  0.0
5  1.0  0.0
6  1.0  0.0
7  1.0  0.0
8  1.0  0.0
9  1.0  0.042105263157894736
10  1.0  0.010526315789473684
11  1.0  0.12631578947368421
2  0.0  0.0
3  1.0  0.0
4  1.0  0.0
5  1.0  0.0
6  1.0  0.0
7  1.0  0.0
8  1.0  0.0
9  1.0  0.0
10  1.0  0.052631578947368418
11  1.0  0.010526315789473684
2  0.0  0.0
3  1.0  0.0
4  1.0  0.0
5  1.0  0.0
6  1.0  0.010526315789473684
7  1.0  0.0
8  1.0  0.0
9  1.0  0.0
10  1.0  0.0
11  1.0  0.0
2  0.0  0.0
3  0.80000000000000004  0.010526315789473684
4  1.0  0.0
5  1.0  0.0
6  1.0  0.0
7  1.0  0.0
8  1.0  0.0
9  1.0  0.094736842105263161
10  1.0  0.021052631578947368
11  1.0  0.010526315789473684
2  0.0  0.0
3  1.0  0.0
4  1.0  0.0
5  1.0  0.0
6  1.0  0.0
7  1.0  0.0
8  1.0  0.0
9  1.0  0.021052631578947368
10  1.0  0.042105263157894736
11  1.0  0.0
2  0.0  0.0
3  1.0  0.0
4  1.0  0.0
5  1.0  0.0
6  1.0  0.0
7  1.0  0.0
8  1.0  0.0
9  1.0  0.0
10  1.0  0.010526315789473684
11  1.0  0.010526315789473684
2  0.0  0.0
3  1.0  0.0
4  1.0  0.0
5  1.0  0.0
6  1.0  0.021052631578947368
7  1.0  0.0
8  1.0  0.010526315789473684
9  1.0  0.021052631578947368
10  1.0  0.0
11  1.0  0.052631578947368418
2  0.0  0.0
3  0.80000000000000004  0.0
4  1.0  0.0
5  1.0  0.0
6  1.0  0.0
7  1.0  0.0
8  1.0  0.0
9  1.0  0.021052631578947368
10  1.0  0.0
11  1.0  0.0
2  0.0  0.0
3  1.0  0.0
4  1.0  0.0
5  1.0  0.0
6  1.0  0.0
7  1.0  0.021052631578947368
8  1.0  0.0
9  1.0  0.0
10  1.0  0.12631578947368421
11  1.0  0.073684210526315783
2  0.0  0.0
3  1.0  0.0
4  1.0  0.0
5  1.0  0.0
6  1.0  0.0
7  1.0  0.0
8  1.0  0.021052631578947368
9  1.0  0.0
10  1.0  0.094736842105263161
11  1.0  0.1368421052631579
2  0.0  0.0
3  1.0  0.0
4  1.0  0.010526315789473684
5  1.0  0.0
6  1.0  0.0
7  1.0  0.0
8  1.0  0.010526315789473684
9  1.0  0.0
10  1.0  0.0
11  1.0  0.010526315789473684
2  0.0  0.0
3  0.80000000000000004  0.0
4  1.0  0.0
5  1.0  0.0
6  1.0  0.0
7  1.0  0.0
8  1.0  0.0
9  1.0  0.0
10  1.0  0.0
11  1.0  0.0
2  0.0  0.0
3  1.0  0.0
4  1.0  0.0
5  1.0  0.010526315789473684
6  1.0  0.0
7  1.0  0.0
8  1.0  0.084210526315789472
9  1.0  0.0
10  1.0  0.010526315789473684
11  1.0  0.0
2  0.0  0.0
3  1.0  0.0
4  1.0  0.0
5  1.0  0.0
6  1.0  0.0
7  1.0  0.0
8  1.0  0.0
9  1.0  0.0
10  1.0  0.0
11  1.0  0.031578947368421054
2  0.0  0.0
3  0.80000000000000004  0.0
4  1.0  0.0
5  1.0  0.010526315789473684
6  1.0  0.0
7  1.0  0.0
8  1.0  0.0
9  1.0  0.10526315789473684
10  1.0  0.0
11  1.0  0.073684210526315783
2  0.0  0.0
3  1.0  0.0
4  1.0  0.0
5  1.0  0.0
6  1.0  0.0
7  1.0  0.010526315789473684
8  1.0  0.0
9  1.0  0.0
10  1.0  0.0
11  1.0  0.042105263157894736
2  0.0  0.0
3  1.0  0.0
4  1.0  0.0
5  1.0  0.0
6  1.0  0.0
7  1.0  0.0
8  1.0  0.0
9  1.0  0.031578947368421054
10  1.0  0.010526315789473684
11  1.0  0.010526315789473684
2  0.0  0.0
3  1.0  0.0
4  1.0  0.0
5  1.0  0.0
6  1.0  0.010526315789473684
7  1.0  0.010526315789473684
8  1.0  0.0
9  1.0  0.063157894736842107
10  1.0  0.0
11  1.0  0.010526315789473684
2  0.0  0.0
3  0.80000000000000004  0.0
4  1.0  0.0
5  1.0  0.0
6  1.0  0.0
7  1.0  0.0
8  1.0  0.021052631578947368
9  1.0  0.0
10  1.0  0.042105263157894736
11  1.0  0.031578947368421054
2  0.0  0.0
3  1.0  0.0
4  1.0  0.0
5  1.0  0.0
6  1.0  0.18947368421052632
7  1.0  0.010526315789473684
8  1.0  0.0
9  1.0  0.021052631578947368
10  1.0  0.0
11  1.0  0.0
2  0.0  0.0
3  1.0  0.0
4  1.0  0.0
5  1.0  0.0
6  1.0  0.0
7  1.0  0.0
8  1.0  0.0
9  1.0  0.0
10  1.0  0.010526315789473684
11  1.0  0.010526315789473684
