0.1  1.0  0.096842105263157896
0.15  1.0  0.076842105263157892
0.2  1.0  0.083157894736842111
0.25  0.71999999999999997  0.11578947368421053
0.3  1.0  0.12
0.1  1.0  0.077894736842105267
0.15  1.0  0.087368421052631581
0.2  1.0  0.091578947368421051
0.25  1.0  0.11789473684210526
0.3  1.0  0.13263157894736843
0.1  1.0  0.076842105263157892
0.15  0.97999999999999998  0.083157894736842111
0.2  1.0  0.10526315789473684
0.25  1.0  0.12842105263157894
0.3  1.0  0.12421052631578948
0.1  1.0  0.075789473684210532
0.15  1.0  0.090526315789473691
0.2  1.0  0.081052631578947362
0.25  1.0  0.12315789473684211
0.3  1.0  0.11789473684210526
0.1  0.95999999999999996  0.080000000000000002
0.15  1.0  0.078947368421052627
0.2  1.0  0.11263157894736842
0.25  1.0  0.12526315789473685
0.3  1.0  0.14105263157894737
0.1  1.0  0.083157894736842111
0.15  0.83999999999999997  0.087368421052631581
0.2  1.0  0.086315789473684207
0.25  1.0  0.10842105263157895
0.3  1.0  0.11894736842105263
0.1  0.73999999999999999  0.074736842105263157
0.15  1.0  0.078947368421052627
0.2  1.0  0.11368421052631579
0.25  1.0  0.11052631578947368
0.3  1.0  0.098947368421052631
0.1  0.81999999999999995  0.069473684210526312
0.15  1.0  0.093684210526315786
0.2  0.85999999999999999  0.090526315789473691
0.25  1.0  0.10842105263157895
0.3  1.0  0.12736842105263158
0.1  0.90000000000000002  0.083157894736842111
0.15  1.0  0.088421052631578942
0.2  1.0  0.093684210526315786
0.25  1.0  0.11368421052631579
0.3  0.92000000000000004  0.11578947368421053
0.1  1.0  0.064210526315789468
0.15  1.0  0.083157894736842111
0.2  1.0  0.091578947368421051
0.25  1.0  0.12315789473684211
0.3  1.0  0.1168421052631579
0.1  1.0  0.082105263157894737
0.15  0.88  0.090526315789473691
0.2  1.0  0.10210526315789474
0.25  1.0  0.097894736842105257
0.3  1.0  0.10947368421052632
0.1  1.0  0.076842105263157892
0.15  1.0  0.085263157894736846
0.2  0.81999999999999995  0.12526315789473685
0.25  1.0  0.13052631578947368
0.3  1.0  0.11789473684210526
0.1  1.0  0.069473684210526312
0.15  0.64000000000000001  0.083157894736842111
0.2  1.0  0.10210526315789474
0.25  0.95999999999999996  0.1031578947368421
0.3  1.0  0.11473684210526315
0.1  1.0  0.073684210526315783
0.15  0.92000000000000004  0.088421052631578942
0.2  1.0  0.11473684210526315
0.25  0.93999999999999995  0.097894736842105257
0.3  1.0  0.12526315789473685
0.1  1.0  0.068421052631578952
0.15  1.0  0.070526315789473687
0.2  1.0  0.11052631578947368
0.25  1.0  0.12210526315789473
0.3  1.0  0.1168421052631579
0.1  1.0  0.069473684210526312
0.15  1.0  0.084210526315789472
0.2  0.62  0.10105263157894737
0.25  1.0  0.093684210526315786
0.3  1.0  0.14736842105263157
0.1  1.0  0.070526315789473687
0.15  1.0  0.11894736842105263
0.2  1.0  0.088421052631578942
0.25  1.0  0.084210526315789472
0.3  1.0  0.12526315789473685
0.1  1.0  0.083157894736842111
0.15  1.0  0.081052631578947362
0.2  1.0  0.10105263157894737
0.25  1.0  0.10736842105263159
0.3  0.76000000000000001  0.12947368421052632
0.1  0.47999999999999998  0.070526315789473687
0.15  0.73999999999999999  0.083157894736842111
0.2  1.0  0.11473684210526315
0.25  1.0  0.10842105263157895
0.3  1.0  0.12526315789473685
0.1  1.0  0.085263157894736846
0.15  1.0  0.10210526315789474
0.2  1.0  0.071578947368421048
0.25  1.0  0.11789473684210526
0.3  1.0  0.12631578947368421
0.1  1.0  0.082105263157894737
0.15  1.0  0.078947368421052627
0.2  0.93999999999999995  0.1031578947368421
0.25  1.0  0.12
0.3  1.0  0.12526315789473685
0.1  1.0  0.075789473684210532
0.15  1.0  0.086315789473684207
0.2  1.0  0.089473684210526316
0.25  1.0  0.093684210526315786
0.3  1.0  0.11894736842105263
0.1  1.0  0.063157894736842107
0.15  1.0  0.086315789473684207
0.2  1.0  0.085263157894736846
0.25  1.0  0.10631578947368421
0.3  1.0  0.1168421052631579
0.1  0.83999999999999997  0.089473684210526316
0.15  0.97999999999999998  0.10000000000000001
0.2  1.0  0.092631578947368426
0.25  0.93999999999999995  0.14105263157894737
0.3  1.0  0.11263157894736842
0.1  1.0  0.067368421052631577
0.15  1.0  0.084210526315789472
0.2  1.0  0.097894736842105257
0.25  0.81999999999999995  0.11789473684210526
0.3  1.0  0.10631578947368421
0.1  0.57999999999999996  0.075789473684210532
0.15  1.0  0.077894736842105267
0.2  0.90000000000000002  0.10842105263157895
0.25  1.0  0.12105263157894737
0.3  0.76000000000000001  0.098947368421052631
0.1  0.97999999999999998  0.084210526315789472
0.15  0.64000000000000001  0.093684210526315786
0.2  0.68000000000000005  0.092631578947368426
0.25  1.0  0.10526315789473684
0.3  1.0  0.12736842105263158
0.1  1.0  0.080000000000000002
0.15  1.0  0.095789473684210522
0.2  1.0  0.097894736842105257
0.25  0.71999999999999997  0.12947368421052632
0.3  0.95999999999999996  0.096842105263157896
0.1  0.95999999999999996  0.081052631578947362
0.15  0.69999999999999996  0.080000000000000002
0.2  1.0  0.086315789473684207
0.25  1.0  0.10947368421052632
0.3  1.0  0.098947368421052631
0.1  1.0  0.073684210526315783
0.15  1.0  0.091578947368421051
0.2  1.0  0.091578947368421051
0.25  1.0  0.10421052631578948
0.3  0.97999999999999998  0.12842105263157894
0.1  1.0  0.090526315789473691
0.15  1.0  0.10105263157894737
0.2  1.0  0.10421052631578948
0.25  1.0  0.11263157894736842
0.3  1.0  0.13368421052631579
0.1  1.0  0.052631578947368418
0.15  0.97999999999999998  0.098947368421052631
0.2  0.90000000000000002  0.095789473684210522
0.25  0.83999999999999997  0.12210526315789473
0.3  1.0  0.1368421052631579
0.1  1.0  0.083157894736842111
0.15  1.0  0.091578947368421051
0.2  0.95999999999999996  0.10210526315789474
0.25  1.0  0.10526315789473684
0.3  1.0  0.12526315789473685
0.1  0.83999999999999997  0.059999999999999998
0.15  1.0  0.096842105263157896
0.2  1.0  0.10210526315789474
0.25  0.95999999999999996  0.11263157894736842
0.3  0.95999999999999996  0.1168421052631579
0.1  0.56000000000000005  0.093684210526315786
0.15  1.0  0.093684210526315786
0.2  0.95999999999999996  0.10947368421052632
0.25  0.95999999999999996  0.092631578947368426
0.3  1.0  0.12315789473684211
0.1  1.0  0.065263157894736842
0.15  1.0  0.095789473684210522
0.2  1.0  0.083157894736842111
0.25  0.97999999999999998  0.11578947368421053
0.3  0.95999999999999996  0.12315789473684211
0.1  0.5  0.078947368421052627
0.15  0.92000000000000004  0.094736842105263161
0.2  0.95999999999999996  0.093684210526315786
0.25  1.0  0.12526315789473685
0.3  1.0  0.11578947368421053
0.1  0.97999999999999998  0.084210526315789472
0.15  1.0  0.093684210526315786
0.2  0.62  0.093684210526315786
0.25  1.0  0.11578947368421053
0.3  1.0  0.097894736842105257
0.1  1.0  0.083157894736842111
0.15  1.0  0.10736842105263159
0.2  0.95999999999999996  0.093684210526315786
0.25  1.0  0.10947368421052632
0.3  1.0  0.12736842105263158
0.1  1.0  0.080000000000000002
0.15  1.0  0.088421052631578942
0.2  1.0  0.11052631578947368
0.25  1.0  0.11368421052631579
0.3  1.0  0.12105263157894737
0.1  1.0  0.078947368421052627
0.15  1.0  0.073684210526315783
0.2  1.0  0.095789473684210522
0.25  1.0  0.11052631578947368
0.3  1.0  0.11894736842105263
0.1  1.0  0.073684210526315783
0.15  0.88  0.10842105263157895
0.2  1.0  0.10947368421052632
0.25  1.0  0.11157894736842106
0.3  1.0  0.1368421052631579
0.1  1.0  0.084210526315789472
0.15  1.0  0.090526315789473691
0.2  1.0  0.10210526315789474
0.25  1.0  0.11052631578947368
0.3  1.0  0.14842105263157895
0.1  1.0  0.093684210526315786
0.15  1.0  0.072631578947368422
0.2  1.0  0.10000000000000001
0.25  1.0  0.094736842105263161
0.3  1.0  0.10842105263157895
0.1  1.0  0.077894736842105267
0.15  1.0  0.086315789473684207
0.2  1.0  0.097894736842105257
0.25  1.0  0.10842105263157895
0.3  1.0  0.11894736842105263
0.1  1.0  0.073684210526315783
0.15  1.0  0.097894736842105257
0.2  1.0  0.10736842105263159
0.25  1.0  0.11157894736842106
0.3  1.0  0.10631578947368421
0.1  0.92000000000000004  0.068421052631578952
0.15  1.0  0.093684210526315786
0.2  1.0  0.088421052631578942
0.25  1.0  0.097894736842105257
0.3  1.0  0.12105263157894737
0.1  1.0  0.076842105263157892
0.15  1.0  0.076842105263157892
0.2  1.0  0.083157894736842111
0.25  0.90000000000000002  0.11473684210526315
0.3  1.0  0.12421052631578948
0.1  0.73999999999999999  0.067368421052631577
0.15  1.0  0.095789473684210522
0.2  1.0  0.1031578947368421
0.25  1.0  0.12105263157894737
0.3  1.0  0.12736842105263158
0.1  1.0  0.066315789473684217
0.15  1.0  0.086315789473684207
0.2  1.0  0.089473684210526316
0.25  1.0  0.093684210526315786
0.3  1.0  0.12947368421052632
0.1  1.0  0.081052631578947362
0.15  1.0  0.098947368421052631
0.2  1.0  0.090526315789473691
0.25  1.0  0.11368421052631579
0.3  1.0  0.13473684210526315
0.1  0.54000000000000004  0.050526315789473683
0.15  1.0  0.10631578947368421
0.2  1.0  0.095789473684210522
0.25  1.0  0.11157894736842106
0.3  1.0  0.13052631578947368
0.1  1.0  0.064210526315789468
0.15  1.0  0.10000000000000001
0.2  1.0  0.11052631578947368
0.25  1.0  0.11473684210526315
0.3  1.0  0.10947368421052632
0.1  1.0  0.070526315789473687
0.15  1.0  0.10000000000000001
0.2  1.0  0.10000000000000001
0.25  1.0  0.11052631578947368
0.3  1.0  0.13368421052631579
0.1  0.97999999999999998  0.055789473684210528
0.15  1.0  0.082105263157894737
0.2  1.0  0.10736842105263159
0.25  1.0  0.11263157894736842
0.3  1.0  0.10947368421052632
0.1  1.0  0.077894736842105267
0.15  1.0  0.074736842105263157
0.2  0.81999999999999995  0.090526315789473691
0.25  1.0  0.11263157894736842
0.3  0.95999999999999996  0.11894736842105263
0.1  1.0  0.085263157894736846
0.15  1.0  0.097894736842105257
0.2  1.0  0.10000000000000001
0.25  1.0  0.12105263157894737
0.3  1.0  0.13157894736842105
0.1  1.0  0.076842105263157892
0.15  1.0  0.084210526315789472
0.2  1.0  0.10000000000000001
0.25  1.0  0.12526315789473685
0.3  1.0  0.14000000000000001
0.1  1.0  0.086315789473684207
0.15  1.0  0.083157894736842111
0.2  1.0  0.087368421052631581
0.25  1.0  0.10526315789473684
0.3  1.0  0.12526315789473685
0.1  0.52000000000000002  0.083157894736842111
0.15  1.0  0.091578947368421051
0.2  1.0  0.091578947368421051
0.25  1.0  0.10210526315789474
0.3  1.0  0.13578947368421052
0.1  0.97999999999999998  0.057894736842105263
0.15  1.0  0.094736842105263161
0.2  1.0  0.093684210526315786
0.25  1.0  0.098947368421052631
0.3  1.0  0.12105263157894737
0.1  1.0  0.067368421052631577
0.15  1.0  0.088421052631578942
0.2  0.85999999999999999  0.094736842105263161
0.25  1.0  0.10105263157894737
0.3  0.69999999999999996  0.11578947368421053
0.1  1.0  0.076842105263157892
0.15  1.0  0.10736842105263159
0.2  1.0  0.097894736842105257
0.25  1.0  0.094736842105263161
0.3  1.0  0.11894736842105263
0.1  1.0  0.081052631578947362
0.15  1.0  0.091578947368421051
0.2  1.0  0.092631578947368426
0.25  1.0  0.095789473684210522
0.3  0.97999999999999998  0.11789473684210526
0.1  1.0  0.059999999999999998
0.15  1.0  0.089473684210526316
0.2  1.0  0.10736842105263159
0.25  1.0  0.12315789473684211
0.3  0.78000000000000003  0.12
0.1  1.0  0.082105263157894737
0.15  0.97999999999999998  0.089473684210526316
0.2  0.73999999999999999  0.096842105263157896
0.25  0.71999999999999997  0.097894736842105257
0.3  1.0  0.11368421052631579
0.1  1.0  0.068421052631578952
0.15  1.0  0.10105263157894737
0.2  1.0  0.086315789473684207
0.25  1.0  0.10631578947368421
0.3  1.0  0.12315789473684211
0.1  0.80000000000000004  0.082105263157894737
0.15  1.0  0.094736842105263161
0.2  1.0  0.085263157894736846
0.25  1.0  0.10631578947368421
0.3  1.0  0.10842105263157895
0.1  0.85999999999999999  0.084210526315789472
0.15  1.0  0.10210526315789474
0.2  1.0  0.088421052631578942
0.25  1.0  0.10631578947368421
0.3  1.0  0.12526315789473685
0.1  1.0  0.078947368421052627
0.15  1.0  0.082105263157894737
0.2  1.0  0.098947368421052631
0.25  1.0  0.10526315789473684
0.3  1.0  0.11052631578947368
0.1  1.0  0.089473684210526316
0.15  1.0  0.073684210526315783
0.2  0.95999999999999996  0.11578947368421053
0.25  1.0  0.10210526315789474
0.3  1.0  0.12526315789473685
0.1  0.92000000000000004  0.059999999999999998
0.15  1.0  0.084210526315789472
0.2  1.0  0.10526315789473684
0.25  0.52000000000000002  0.096842105263157896
0.3  1.0  0.10842105263157895
0.1  1.0  0.06210526315789474
0.15  1.0  0.081052631578947362
0.2  0.76000000000000001  0.10526315789473684
0.25  1.0  0.1168421052631579
0.3  1.0  0.12631578947368421
0.1  1.0  0.074736842105263157
0.15  0.95999999999999996  0.085263157894736846
0.2  1.0  0.087368421052631581
0.25  0.85999999999999999  0.10421052631578948
0.3  0.93999999999999995  0.12105263157894737
0.1  1.0  0.068421052631578952
0.15  1.0  0.090526315789473691
0.2  1.0  0.10421052631578948
0.25  1.0  0.12421052631578948
0.3  1.0  0.1368421052631579
0.1  1.0  0.080000000000000002
0.15  1.0  0.073684210526315783
0.2  1.0  0.084210526315789472
0.25  1.0  0.11052631578947368
0.3  1.0  0.13157894736842105
0.1  1.0  0.069473684210526312
0.15  1.0  0.083157894736842111
0.2  0.73999999999999999  0.095789473684210522
0.25  1.0  0.13052631578947368
0.3  1.0  0.11157894736842106
0.1  1.0  0.082105263157894737
0.15  1.0  0.092631578947368426
0.2  1.0  0.11473684210526315
0.25  1.0  0.11263157894736842
0.3  1.0  0.12842105263157894
0.1  1.0  0.071578947368421048
0.15  1.0  0.071578947368421048
0.2  1.0  0.12105263157894737
0.25  1.0  0.10842105263157895
0.3  0.78000000000000003  0.13473684210526315
0.1  1.0  0.067368421052631577
0.15  1.0  0.080000000000000002
0.2  1.0  0.077894736842105267
0.25  1.0  0.10105263157894737
0.3  1.0  0.12210526315789473
0.1  1.0  0.074736842105263157
0.15  1.0  0.088421052631578942
0.2  1.0  0.098947368421052631
0.25  1.0  0.11473684210526315
0.3  1.0  0.11263157894736842
0.1  1.0  0.094736842105263161
0.15  0.83999999999999997  0.076842105263157892
0.2  1.0  0.098947368421052631
0.25  1.0  0.1168421052631579
0.3  1.0  0.11157894736842106
0.1  0.88  0.071578947368421048
0.15  1.0  0.095789473684210522
0.2  1.0  0.1031578947368421
0.25  0.97999999999999998  0.11263157894736842
0.3  1.0  0.11789473684210526
0.1  0.97999999999999998  0.05894736842105263
0.15  1.0  0.090526315789473691
0.2  1.0  0.10736842105263159
0.25  1.0  0.12315789473684211
0.3  1.0  0.11368421052631579
0.1  0.80000000000000004  0.070526315789473687
0.15  1.0  0.098947368421052631
0.2  0.97999999999999998  0.10526315789473684
0.25  1.0  0.11473684210526315
0.3  1.0  0.12315789473684211
0.1  1.0  0.082105263157894737
0.15  1.0  0.090526315789473691
0.2  0.93999999999999995  0.097894736842105257
0.25  1.0  0.11789473684210526
0.3  1.0  0.10000000000000001
0.1  0.92000000000000004  0.071578947368421048
0.15  1.0  0.087368421052631581
0.2  1.0  0.091578947368421051
0.25  1.0  0.11157894736842106
0.3  0.81999999999999995  0.14000000000000001
0.1  1.0  0.087368421052631581
0.15  1.0  0.087368421052631581
0.2  1.0  0.084210526315789472
0.25  1.0  0.1031578947368421
0.3  1.0  0.12210526315789473
0.1  1.0  0.076842105263157892
0.15  1.0  0.094736842105263161
0.2  0.97999999999999998  0.094736842105263161
0.25  1.0  0.11263157894736842
0.3  1.0  0.10631578947368421
0.1  0.88  0.070526315789473687
0.15  1.0  0.072631578947368422
0.2  0.90000000000000002  0.10842105263157895
0.25  1.0  0.11368421052631579
0.3  1.0  0.13894736842105262
0.1  1.0  0.072631578947368422
0.15  0.92000000000000004  0.095789473684210522
0.2  0.80000000000000004  0.10526315789473684
0.25  1.0  0.13473684210526315
0.3  1.0  0.1368421052631579
0.1  1.0  0.089473684210526316
0.15  1.0  0.091578947368421051
0.2  0.78000000000000003  0.095789473684210522
0.25  1.0  0.10631578947368421
0.3  0.97999999999999998  0.13368421052631579
0.1  1.0  0.088421052631578942
0.15  0.57999999999999996  0.081052631578947362
0.2  0.92000000000000004  0.10000000000000001
0.25  1.0  0.090526315789473691
0.3  1.0  0.10631578947368421
0.1  1.0  0.065263157894736842
0.15  0.92000000000000004  0.089473684210526316
0.2  1.0  0.091578947368421051
0.25  1.0  0.1031578947368421
0.3  1.0  0.12736842105263158
0.1  0.73999999999999999  0.083157894736842111
0.15  1.0  0.074736842105263157
0.2  1.0  0.11052631578947368
0.25  0.97999999999999998  0.10000000000000001
0.3  1.0  0.11157894736842106
0.1  1.0  0.081052631578947362
0.15  1.0  0.089473684210526316
0.2  1.0  0.089473684210526316
0.25  1.0  0.11789473684210526
0.3  1.0  0.11894736842105263
0.1  1.0  0.071578947368421048
0.15  0.56000000000000005  0.067368421052631577
0.2  1.0  0.11263157894736842
0.25  1.0  0.098947368421052631
0.3  0.88  0.13052631578947368
0.1  1.0  0.081052631578947362
0.15  1.0  0.087368421052631581
0.2  0.92000000000000004  0.087368421052631581
0.25  1.0  0.11263157894736842
0.3  1.0  0.12736842105263158
0.1  1.0  0.081052631578947362
0.15  1.0  0.086315789473684207
0.2  1.0  0.093684210526315786
0.25  1.0  0.10842105263157895
0.3  1.0  0.10631578947368421
0.1  0.97999999999999998  0.063157894736842107
0.15  1.0  0.092631578947368426
0.2  1.0  0.096842105263157896
0.25  1.0  0.12315789473684211
0.3  1.0  0.12631578947368421
