1  0.57999999999999996  0.17052631578947369
2  1.0  0.28947368421052633
3  0.97999999999999998  0.05894736842105263
4  0.95999999999999996  0.10947368421052632
5  0.47999999999999998  0.032631578947368421
6  0.95999999999999996  0.044210526315789471
7  0.76000000000000001  0.022105263157894735
8  1.0  0.023157894736842106
9  0.97999999999999998  0.0073684210526315788
10  0.93999999999999995  0.010526315789473684
1  0.54000000000000004  0.14210526315789473
2  1.0  0.27684210526315789
3  0.59999999999999998  0.066315789473684217
4  0.78000000000000003  0.1168421052631579
5  0.64000000000000001  0.033684210526315789
6  0.97999999999999998  0.042105263157894736
7  0.52000000000000002  0.0094736842105263164
8  1.0  0.023157894736842106
9  0.95999999999999996  0.005263157894736842
10  1.0  0.0084210526315789472
