2  0.60399999999999998  0.0
3  0.83599999999999997  0.0
4  0.002  0.0
5  0.0  0.0
6  0.20599999999999999  0.0
2  0.14799999999999999  0.0
3  0.002  0.0
4  1.0  0.0
5  0.0  0.0
6  0.11  0.0
2  0.246  0.0
3  0.95199999999999996  0.0
4  0.0  0.0
5  0.20999999999999999  0.0
6  0.95999999999999996  0.0
2  0.98199999999999998  0.0
3  0.152  0.0
4  0.0  0.0
5  0.0  0.0
6  1.0  0.0
2  0.094  0.0
3  0.0  0.0
4  1.0  0.0
5  0.0  0.0
6  0.77400000000000002  0.0
2  0.14599999999999999  0.0
3  0.0  0.0
4  0.97199999999999998  0.0
5  0.0  0.0
6  0.0  0.0
2  1.0  0.0
3  0.0060000000000000001  0.0
4  1.0  0.0
5  0.01  0.0
6  1.0  0.0
2  1.0  0.0
3  0.0  0.0
4  1.0  0.0
5  0.0  0.0
6  0.996  0.0
2  1.0  0.0
3  0.0080000000000000002  0.0
4  0.021999999999999999  0.0
5  0.0  0.0
6  0.0  0.0
2  0.58999999999999997  0.0
3  0.01  0.0
4  0.0  0.0
5  0.0  0.0
6  0.066000000000000003  0.0
2  0.0  0.0
3  0.0  0.0
4  0.056000000000000001  0.0
5  0.20399999999999999  0.0
6  0.071999999999999995  0.0
2  1.0  0.0
3  0.0  0.0
4  0.91000000000000003  0.0
5  0.002  0.0
6  0.29799999999999999  0.0
2  0.998  0.0
3  0.0080000000000000002  0.0
4  0.0  0.0
5  0.0  0.0
6  1.0  0.0
2  0.017999999999999999  0.0
3  0.0  0.0
4  1.0  0.0
5  0.20599999999999999  0.0
6  0.0  0.0
2  0.29399999999999998  0.0
3  1.0  0.0
4  0.0  0.0
5  0.021999999999999999  0.0
6  0.0  0.0
2  0.0  0.0
3  0.10199999999999999  0.0
4  0.29399999999999998  0.0
5  0.0  0.0
6  0.92400000000000004  0.0
2  1.0  0.0
3  0.0  0.0
4  1.0  0.0
5  0.035999999999999997  0.0
6  0.012  0.0
2  0.60399999999999998  0.0
3  0.0  0.0
4  0.49199999999999999  0.0
5  0.0060000000000000001  0.0
6  0.0  0.0
2  1.0  0.0
3  0.0  0.0
4  0.058000000000000003  0.0
5  0.0  0.0
6  1.0  0.0
2  0.94599999999999995  0.0
3  0.0  0.0
4  0.27000000000000002  0.0
5  0.0  0.0
6  0.0  0.0
2  1.0  0.0
3  0.089999999999999997  0.0
4  0.0  0.0
5  1.0  0.0
6  0.0  0.0
2  0.0  0.0
3  1.0  0.0
4  1.0  0.0
5  0.0  0.0
6  0.012  0.0
2  1.0  0.0
3  0.66800000000000004  0.0
4  0.0  0.0
5  0.021999999999999999  0.0
6  0.0040000000000000001  0.0
2  1.0  0.0
3  0.012  0.0
4  0.059999999999999998  0.0
5  0.0  0.0
6  0.64200000000000002  0.0
2  1.0  0.0
3  0.0  0.0
4  1.0  0.0
5  0.23200000000000001  0.0
6  1.0  0.0
2  0.0  0.0
3  0.26800000000000002  0.0
4  0.0  0.0
5  1.0  0.0
6  0.0  0.0
2  1.0  0.0
3  0.82199999999999995  0.0
4  0.01  0.0
5  0.0  0.0
6  0.95399999999999996  0.0
2  0.0  0.0
3  0.0040000000000000001  0.0
4  0.66800000000000004  0.0
5  0.0  0.0
6  0.16800000000000001  0.0
2  1.0  0.0
3  0.002  0.0
4  0.0060000000000000001  0.0
5  1.0  0.0
6  0.83599999999999997  0.0
2  1.0  0.0
3  0.0  0.0
4  0.002  0.0
5  1.0  0.0
6  0.0  0.0
2  1.0  0.0
3  0.071999999999999995  0.0
4  0.082000000000000003  0.0
5  0.46000000000000002  0.0
6  0.996  0.0
2  0.0  0.0
3  0.0  0.0
4  1.0  0.0
5  0.058000000000000003  0.0
6  0.97599999999999998  0.0
2  1.0  0.0
3  0.0  0.0
4  1.0  0.0
5  0.28999999999999998  0.0
6  0.0  0.0
2  0.0  0.0
3  1.0  0.0
4  1.0  0.0
5  0.0  0.0
6  0.0  0.0
2  0.042000000000000003  0.0
3  0.93799999999999994  0.0
4  0.002  0.0
5  0.0  0.0
6  0.0  0.0
2  0.002  0.0
3  0.0  0.0
4  1.0  0.0
5  0.082000000000000003  0.0
6  0.059999999999999998  0.0
2  0.0060000000000000001  0.0
3  0.0  0.0
4  1.0  0.0
5  0.0040000000000000001  0.0
6  0.040000000000000001  0.0
2  1.0  0.0
3  0.0  0.0
4  1.0  0.0
5  0.002  0.0
6  0.63200000000000001  0.0
2  1.0  0.0
3  0.0  0.0
4  0.0  0.0
5  0.0  0.0
6  0.012  0.0
2  1.0  0.0
3  0.0  0.0
4  0.002  0.0
5  0.99399999999999999  0.0
6  0.998  0.0
2  0.002  0.0
3  0.98399999999999999  0.0
4  0.0  0.0
5  0.0  0.0
6  0.998  0.0
2  0.01  0.0
3  0.0060000000000000001  0.0
4  0.0  0.0
5  0.0  0.0
6  1.0  0.0
2  1.0  0.0
3  0.042000000000000003  0.0
4  0.0  0.0
5  0.98199999999999998  0.0
6  1.0  0.0
2  0.628  0.0
3  0.38800000000000001  0.0
4  1.0  0.0
5  0.0  0.0
6  0.0060000000000000001  0.0
2  0.0  0.0
3  0.096000000000000002  0.0
4  0.42999999999999999  0.0
5  0.0  0.0
6  0.58999999999999997  0.0
2  0.114  0.0
3  0.26000000000000001  0.0
4  0.0  0.0
5  0.0  0.0
6  0.60399999999999998  0.0
2  0.96999999999999997  0.0
3  0.0  0.0
4  1.0  0.0
5  0.017999999999999999  0.0
6  0.0  0.0
2  1.0  0.0
3  0.0  0.0
4  1.0  0.0
5  0.0  0.0
6  1.0  0.0
2  1.0  0.0
3  1.0  0.0
4  0.65000000000000002  0.0
5  0.0  0.0
6  0.112  0.0
2  1.0  0.0
3  0.92200000000000004  0.0
4  0.002  0.0
5  0.68400000000000005  0.0
6  0.80600000000000005  0.0
2  0.0  0.0
3  0.0  0.0
4  1.0  0.0
5  0.0040000000000000001  0.0
6  0.0  0.0
2  1.0  0.0
3  0.0  0.0
4  0.0  0.0
5  0.014  0.0
6  0.0  0.0
2  0.34000000000000002  0.0
3  0.0  0.0
4  0.050000000000000003  0.0
5  0.20599999999999999  0.0
6  0.0  0.0
2  1.0  0.0
3  1.0  0.0
4  0.0  0.0
5  1.0  0.0
6  0.98999999999999999  0.0
2  0.068000000000000005  0.0
3  0.0080000000000000002  0.0
4  0.93400000000000005  0.0
5  0.012  0.0
6  0.025999999999999999  0.0
2  0.98799999999999999  0.0
3  1.0  0.0
4  0.0  0.0
5  0.24199999999999999  0.0
6  0.0  0.0
2  0.002  0.0
3  0.012  0.0
4  0.040000000000000001  0.0
5  0.308  0.0
6  0.0  0.0
2  1.0  0.0
3  0.0  0.0
4  0.0  0.0
5  0.089999999999999997  0.0
6  0.0  0.0
2  0.0  0.0
3  0.60999999999999999  0.0
4  0.0  0.0
5  1.0  0.0
6  0.035999999999999997  0.0
2  0.99199999999999999  0.0
3  1.0  0.0
4  0.002  0.0
5  0.17000000000000001  0.0
6  0.98599999999999999  0.0
2  1.0  0.0
3  0.0  0.0
4  0.0  0.0
5  1.0  0.0
6  0.62  0.0
2  0.0  0.0
3  0.0  0.0
4  0.025999999999999999  0.0
5  0.0040000000000000001  0.0
6  0.0  0.0
2  1.0  0.0
3  1.0  0.0
4  0.0040000000000000001  0.0
5  0.0  0.0
6  0.106  0.0
2  0.0  0.0
3  0.996  0.0
4  0.002  0.0
5  0.016  0.0
6  0.0  0.0
2  1.0  0.0
3  0.0  0.0
4  0.996  0.0
5  0.01  0.0
6  0.073999999999999996  0.0
2  0.002  0.0
3  0.0  0.0
4  1.0  0.0
5  0.0  0.0
6  0.998  0.0
2  0.0  0.0
3  0.0  0.0
4  1.0  0.0
5  0.0040000000000000001  0.0
6  1.0  0.0
2  1.0  0.0
3  0.042000000000000003  0.0
4  0.0  0.0
5  0.998  0.0
6  0.64400000000000002  0.0
2  1.0  0.0
3  0.98399999999999999  0.0
4  0.0  0.0
5  0.76200000000000001  0.0
6  0.0  0.0
2  0.0  0.0
3  0.94199999999999995  0.0
4  0.0060000000000000001  0.0
5  0.26200000000000001  0.0
6  1.0  0.0
2  1.0  0.0
3  0.0040000000000000001  0.0
4  0.29599999999999999  0.0
5  1.0  0.0
6  1.0  0.0
2  1.0  0.0
3  0.0  0.0
4  1.0  0.0
5  0.075999999999999998  0.0
6  0.029999999999999999  0.0
2  0.0  0.0
3  0.0  0.0
4  0.0  0.0
5  0.63  0.0
6  0.0080000000000000002  0.0
2  0.0  0.0
3  1.0  0.0
4  1.0  0.0
5  0.0  0.0
6  0.017999999999999999  0.0
2  1.0  0.0
3  0.0  0.0
4  0.0  0.0
5  0.0  0.0
6  0.84999999999999998  0.0
2  0.41799999999999998  0.0
3  0.014  0.0
4  1.0  0.0
5  0.0  0.0
6  1.0  0.0
2  0.0040000000000000001  0.0
3  0.0  0.0
4  0.998  0.0
5  0.0  0.0
6  1.0  0.0
2  1.0  0.0
3  0.38  0.0
4  1.0  0.0
5  0.24199999999999999  0.0
6  1.0  0.0
2  0.0040000000000000001  0.0
3  0.0  0.0
4  0.0  0.0
5  0.0  0.0
6  0.20000000000000001  0.0
2  1.0  0.0
3  1.0  0.0
4  0.98799999999999999  0.0
5  0.0  0.0
6  0.59199999999999997  0.0
2  0.0  0.0
3  0.998  0.0
4  1.0  0.0
5  0.0  0.0
6  0.0  0.0
2  1.0  0.0
3  0.0  0.0
4  1.0  0.0
5  0.35399999999999998  0.0
6  0.12  0.0
2  1.0  0.0
3  0.998  0.0
4  0.014  0.0
5  0.0  0.0
6  1.0  0.0
2  1.0  0.0
3  1.0  0.0
4  0.002  0.0
5  0.045999999999999999  0.0
6  0.0040000000000000001  0.0
2  0.11  0.0
3  0.66400000000000003  0.0
4  0.17199999999999999  0.0
5  1.0  0.0
6  0.104  0.0
2  0.95799999999999996  0.0
3  0.71799999999999997  0.0
4  1.0  0.0
5  0.0  0.0
6  0.0080000000000000002  0.0
2  1.0  0.0
3  0.0  0.0
4  0.0080000000000000002  0.0
5  1.0  0.0
6  0.0  0.0
2  0.0  0.0
3  0.218  0.0
4  1.0  0.0
5  0.0040000000000000001  0.0
6  0.0  0.0
2  1.0  0.0
3  0.0  0.0
4  0.0  0.0
5  0.024  0.0
6  0.002  0.0
2  1.0  0.0
3  0.0  0.0
4  1.0  0.0
5  0.0  0.0
6  0.078  0.0
2  0.99199999999999999  0.0
3  0.0  0.0
4  0.0  0.0
5  0.064000000000000001  0.0
6  0.0  0.0
2  0.0  0.0
3  0.0  0.0
4  1.0  0.0
5  0.0  0.0
6  0.0  0.0
2  1.0  0.0
3  0.0  0.0
4  1.0  0.0
5  0.0  0.0
6  0.0  0.0
2  1.0  0.0
3  0.14000000000000001  0.0
4  0.0  0.0
5  0.19800000000000001  0.0
6  0.0  0.0
2  0.01  0.0
3  0.040000000000000001  0.0
4  0.81999999999999995  0.0
5  1.0  0.0
6  1.0  0.0
2  0.002  0.0
3  0.01  0.0
4  0.0  0.0
5  0.39000000000000001  0.0
6  0.374  0.0
2  0.0  0.0
3  0.0  0.0
4  0.0  0.0
5  0.0  0.0
6  0.002  0.0
2  0.124  0.0
3  0.0  0.0
4  1.0  0.0
5  0.0  0.0
6  0.0  0.0
2  1.0  0.0
3  0.0  0.0
4  0.0040000000000000001  0.0
5  0.0  0.0
6  1.0  0.0
2  0.95999999999999996  0.0
3  0.0  0.0
4  0.42399999999999999  0.0
5  0.26800000000000002  0.0
6  0.17199999999999999  0.0
