0.1  1.0  0.0
0.15  1.0  0.0
0.2  1.0  0.0021052631578947368
0.25  1.0  0.0
0.3  1.0  0.0
0.1  1.0  0.0
0.15  1.0  0.0021052631578947368
0.2  1.0  0.0
0.25  1.0  0.0
0.3  1.0  0.0
0.1  1.0  0.0
0.15  1.0  0.0
0.2  1.0  0.0
0.25  1.0  0.0
0.3  1.0  0.0
0.1  1.0  0.0
0.15  1.0  0.0
0.2  1.0  0.0
0.25  1.0  0.0
0.3  1.0  0.0
0.1  1.0  0.0
0.15  1.0  0.0
0.2  1.0  0.0
0.25  1.0  0.0021052631578947368
0.3  1.0  0.0
0.1  1.0  0.0
0.15  1.0  0.0
0.2  1.0  0.0
0.25  1.0  0.0
0.3  1.0  0.0
0.1  1.0  0.0
0.15  1.0  0.0010526315789473684
0.2  1.0  0.0
0.25  1.0  0.0
0.3  1.0  0.0
0.1  1.0  0.0
0.15  1.0  0.0
0.2  1.0  0.0
0.25  1.0  0.0
0.3  1.0  0.0
0.1  1.0  0.0
0.15  1.0  0.0
0.2  1.0  0.0
0.25  1.0  0.0
0.3  1.0  0.0
0.1  1.0  0.0
0.15  1.0  0.0
0.2  1.0  0.0
0.25  1.0  0.0031578947368421052
0.3  1.0  0.0
0.1  1.0  0.0
0.15  1.0  0.0
0.2  1.0  0.0
0.25  1.0  0.0
0.3  1.0  0.0
0.1  1.0  0.0
0.15  1.0  0.0021052631578947368
0.2  1.0  0.0010526315789473684
0.25  1.0  0.0
0.3  1.0  0.0042105263157894736
0.1  1.0  0.0
0.15  1.0  0.0
0.2  1.0  0.0063157894736842104
0.25  1.0  0.0
0.3  1.0  0.0
0.1  1.0  0.0010526315789473684
0.15  1.0  0.0
0.2  1.0  0.0
0.25  1.0  0.0
0.3  1.0  0.0
0.1  1.0  0.0
0.15  1.0  0.0
0.2  1.0  0.0
0.25  1.0  0.0
0.3  1.0  0.0
0.1  1.0  0.0084210526315789472
0.15  1.0  0.0
0.2  1.0  0.0
0.25  1.0  0.0
0.3  1.0  0.0
0.1  1.0  0.0
0.15  1.0  0.0
0.2  1.0  0.0
0.25  1.0  0.0
0.3  1.0  0.0
0.1  1.0  0.0
0.15  1.0  0.0010526315789473684
0.2  1.0  0.0
0.25  1.0  0.0
0.3  1.0  0.0
0.1  1.0  0.0
0.15  1.0  0.0
0.2  1.0  0.0
0.25  1.0  0.0
0.3  1.0  0.0
0.1  1.0  0.0
0.15  1.0  0.0
0.2  1.0  0.0
0.25  1.0  0.0010526315789473684
0.3  1.0  0.0
0.1  1.0  0.0
0.15  1.0  0.0
0.2  1.0  0.0
0.25  1.0  0.0
0.3  1.0  0.0
0.1  1.0  0.0
0.15  1.0  0.0
0.2  1.0  0.0
0.25  1.0  0.0
0.3  1.0  0.0
0.1  1.0  0.0
0.15  1.0  0.0
0.2  1.0  0.0
0.25  1.0  0.0
0.3  1.0  0.0
0.1  1.0  0.0010526315789473684
0.15  1.0  0.0
0.2  1.0  0.0
0.25  1.0  0.0
0.3  1.0  0.0
0.1  1.0  0.0
0.15  1.0  0.0010526315789473684
0.2  1.0  0.0042105263157894736
0.25  1.0  0.0
0.3  1.0  0.0
0.1  1.0  0.0
0.15  1.0  0.0
0.2  1.0  0.0
0.25  1.0  0.0
0.3  1.0  0.0
0.1  1.0  0.0
0.15  1.0  0.0
0.2  1.0  0.0
0.25  1.0  0.0
0.3  1.0  0.0
0.1  1.0  0.0
0.15  1.0  0.0
0.2  1.0  0.0
0.25  1.0  0.0
0.3  1.0  0.0
0.1  1.0  0.0
0.15  1.0  0.0
0.2  1.0  0.0
0.25  1.0  0.0
0.3  1.0  0.0031578947368421052
0.1  1.0  0.0
0.15  1.0  0.0
0.2  1.0  0.0
0.25  1.0  0.0
0.3  1.0  0.0031578947368421052
0.1  1.0  0.0
0.15  1.0  0.0
0.2  1.0  0.0
0.25  1.0  0.0
0.3  1.0  0.0
0.1  1.0  0.0
0.15  1.0  0.0
0.2  1.0  0.0
0.25  1.0  0.0063157894736842104
0.3  1.0  0.0
0.1  1.0  0.0
0.15  1.0  0.0
0.2  1.0  0.0
0.25  1.0  0.0
0.3  1.0  0.0010526315789473684
0.1  1.0  0.0
0.15  1.0  0.0
0.2  1.0  0.0
0.25  1.0  0.0
0.3  1.0  0.0021052631578947368
0.1  1.0  0.0
0.15  1.0  0.0042105263157894736
0.2  1.0  0.0
0.25  1.0  0.0
0.3  1.0  0.0
0.1  1.0  0.0031578947368421052
0.15  1.0  0.0
0.2  1.0  0.0
0.25  1.0  0.0
0.3  1.0  0.0
0.1  1.0  0.0
0.15  1.0  0.0
0.2  1.0  0.0
0.25  1.0  0.0
0.3  1.0  0.0
0.1  1.0  0.0
0.15  1.0  0.0
0.2  1.0  0.011578947368421053
0.25  0.97999999999999998  0.0031578947368421052
0.3  1.0  0.0
0.1  1.0  0.0
0.15  1.0  0.0031578947368421052
0.2  1.0  0.0010526315789473684
0.25  1.0  0.0021052631578947368
0.3  1.0  0.0
0.1  1.0  0.0
0.15  1.0  0.0
0.2  1.0  0.0
0.25  1.0  0.0042105263157894736
0.3  1.0  0.0010526315789473684
0.1  1.0  0.0
0.15  1.0  0.0
0.2  1.0  0.0
0.25  1.0  0.0
0.3  1.0  0.0
0.1  1.0  0.0
0.15  1.0  0.0
0.2  1.0  0.0
0.25  1.0  0.0021052631578947368
0.3  1.0  0.0
0.1  1.0  0.0
0.15  1.0  0.0
0.2  1.0  0.0
0.25  1.0  0.0010526315789473684
0.3  1.0  0.0
0.1  1.0  0.0
0.15  1.0  0.0
0.2  1.0  0.0
0.25  1.0  0.0
0.3  1.0  0.0
0.1  1.0  0.0
0.15  1.0  0.0
0.2  1.0  0.0
0.25  1.0  0.0
0.3  1.0  0.0
0.1  1.0  0.0
0.15  1.0  0.0
0.2  1.0  0.0
0.25  1.0  0.0
0.3  1.0  0.0021052631578947368
0.1  1.0  0.0
0.15  1.0  0.0
0.2  1.0  0.0010526315789473684
0.25  1.0  0.0
0.3  1.0  0.0
0.1  1.0  0.0
0.15  1.0  0.0
0.2  1.0  0.0
0.25  1.0  0.0
0.3  1.0  0.0
0.1  1.0  0.0031578947368421052
0.15  1.0  0.0
0.2  1.0  0.0
0.25  1.0  0.0
0.3  1.0  0.0
0.1  1.0  0.0
0.15  1.0  0.0
0.2  1.0  0.0
0.25  1.0  0.0
0.3  1.0  0.0
0.1  1.0  0.0
0.15  1.0  0.005263157894736842
0.2  1.0  0.0
0.25  1.0  0.0
0.3  1.0  0.0
0.1  1.0  0.0
0.15  1.0  0.0
0.2  1.0  0.0
0.25  1.0  0.0
0.3  1.0  0.0
0.1  1.0  0.0
0.15  1.0  0.0
0.2  1.0  0.0
0.25  1.0  0.0
0.3  1.0  0.0
0.1  1.0  0.0
0.15  1.0  0.0
0.2  1.0  0.0
0.25  1.0  0.0
0.3  1.0  0.0
0.1  1.0  0.0
0.15  1.0  0.0010526315789473684
0.2  1.0  0.0
0.25  1.0  0.0
0.3  1.0  0.0
0.1  1.0  0.0063157894736842104
0.15  1.0  0.0
0.2  1.0  0.0073684210526315788
0.25  1.0  0.0
0.3  1.0  0.0
0.1  1.0  0.0084210526315789472
0.15  1.0  0.0
0.2  1.0  0.0
0.25  1.0  0.0010526315789473684
0.3  1.0  0.0
0.1  1.0  0.0031578947368421052
0.15  1.0  0.0
0.2  1.0  0.0
0.25  1.0  0.0
0.3  1.0  0.0
0.1  1.0  0.0
0.15  1.0  0.0
0.2  1.0  0.0021052631578947368
0.25  1.0  0.0
0.3  1.0  0.0
0.1  1.0  0.0
0.15  1.0  0.0
0.2  1.0  0.0
0.25  1.0  0.0
0.3  1.0  0.0
0.1  1.0  0.0
0.15  1.0  0.0021052631578947368
0.2  1.0  0.0
0.25  1.0  0.0010526315789473684
0.3  1.0  0.0
0.1  1.0  0.0
0.15  1.0  0.0
0.2  1.0  0.0
0.25  1.0  0.0
0.3  1.0  0.0
0.1  1.0  0.0
0.15  1.0  0.0
0.2  0.97999999999999998  0.017894736842105262
0.25  1.0  0.0
0.3  0.90000000000000002  0.0084210526315789472
0.1  1.0  0.0
0.15  1.0  0.0
0.2  1.0  0.0
0.25  1.0  0.0
0.3  1.0  0.0
0.1  1.0  0.0073684210526315788
0.15  1.0  0.0
0.2  0.97999999999999998  0.022105263157894735
0.25  1.0  0.0
0.3  1.0  0.0
0.1  1.0  0.0
0.15  1.0  0.0
0.2  1.0  0.0
0.25  1.0  0.0
0.3  1.0  0.0
0.1  1.0  0.0
0.15  1.0  0.0
0.2  1.0  0.0
0.25  1.0  0.0
0.3  1.0  0.0
0.1  0.97999999999999998  0.0021052631578947368
0.15  1.0  0.0
0.2  1.0  0.0
0.25  1.0  0.0
0.3  1.0  0.0
0.1  1.0  0.0
0.15  1.0  0.0
0.2  1.0  0.0
0.25  1.0  0.0
0.3  1.0  0.0
0.1  1.0  0.0
0.15  1.0  0.0010526315789473684
0.2  1.0  0.0
0.25  1.0  0.0
0.3  1.0  0.0
0.1  1.0  0.0
0.15  1.0  0.0
0.2  1.0  0.0
0.25  1.0  0.005263157894736842
0.3  1.0  0.0
0.1  1.0  0.0
0.15  1.0  0.0021052631578947368
0.2  1.0  0.0
0.25  1.0  0.0
0.3  1.0  0.0021052631578947368
0.1  1.0  0.0
0.15  1.0  0.0
0.2  1.0  0.0
0.25  1.0  0.0
0.3  1.0  0.0
0.1  1.0  0.0
0.15  1.0  0.0010526315789473684
0.2  1.0  0.0
0.25  1.0  0.0
0.3  1.0  0.0
0.1  1.0  0.0021052631578947368
0.15  1.0  0.0
0.2  1.0  0.0
0.25  1.0  0.0031578947368421052
0.3  1.0  0.0
0.1  1.0  0.0021052631578947368
0.15  1.0  0.0
0.2  1.0  0.0
0.25  1.0  0.0
0.3  1.0  0.0042105263157894736
0.1  1.0  0.0
0.15  1.0  0.0
0.2  1.0  0.0
0.25  1.0  0.0
0.3  1.0  0.0
0.1  1.0  0.0
0.15  1.0  0.0010526315789473684
0.2  1.0  0.0
0.25  1.0  0.0
0.3  1.0  0.0
0.1  1.0  0.0
0.15  1.0  0.0063157894736842104
0.2  1.0  0.0
0.25  1.0  0.0
0.3  1.0  0.0
0.1  1.0  0.0010526315789473684
0.15  1.0  0.0
0.2  1.0  0.0
0.25  0.97999999999999998  0.011578947368421053
0.3  1.0  0.0
0.1  1.0  0.0
0.15  1.0  0.0
0.2  1.0  0.0
0.25  1.0  0.0
0.3  1.0  0.0
0.1  1.0  0.0
0.15  1.0  0.0
0.2  1.0  0.0
0.25  1.0  0.0
0.3  1.0  0.0
0.1  1.0  0.0
0.15  1.0  0.0
0.2  1.0  0.0
0.25  1.0  0.0
0.3  1.0  0.0
0.1  1.0  0.0021052631578947368
0.15  1.0  0.0
0.2  1.0  0.0
0.25  1.0  0.0
0.3  1.0  0.0010526315789473684
0.1  1.0  0.0
0.15  1.0  0.0
0.2  1.0  0.0
0.25  1.0  0.0
0.3  1.0  0.0
0.1  1.0  0.0
0.15  1.0  0.0
0.2  1.0  0.0
0.25  1.0  0.0
0.3  1.0  0.0
0.1  1.0  0.0
0.15  1.0  0.0
0.2  1.0  0.0
0.25  1.0  0.0
0.3  1.0  0.0
0.1  1.0  0.0
0.15  1.0  0.0
0.2  1.0  0.0
0.25  1.0  0.0
0.3  1.0  0.0
0.1  1.0  0.0
0.15  1.0  0.0
0.2  1.0  0.0
0.25  1.0  0.0
0.3  1.0  0.0
0.1  1.0  0.0
0.15  1.0  0.0
0.2  1.0  0.0
0.25  1.0  0.0
0.3  1.0  0.0
0.1  1.0  0.0
0.15  1.0  0.0021052631578947368
0.2  1.0  0.0
0.25  1.0  0.0
0.3  1.0  0.0
0.1  1.0  0.0
0.15  0.93999999999999995  0.012631578947368421
0.2  1.0  0.0
0.25  1.0  0.0
0.3  1.0  0.0
0.1  1.0  0.0
0.15  1.0  0.0
0.2  1.0  0.0
0.25  1.0  0.0
0.3  1.0  0.0
0.1  1.0  0.0
0.15  1.0  0.0
0.2  1.0  0.0
0.25  1.0  0.0
0.3  1.0  0.0
0.1  1.0  0.0
0.15  1.0  0.0
0.2  1.0  0.0
0.25  1.0  0.0
0.3  1.0  0.0031578947368421052
0.1  1.0  0.0
0.15  1.0  0.0
0.2  1.0  0.0
0.25  1.0  0.0
0.3  1.0  0.0
0.1  1.0  0.0
0.15  1.0  0.0031578947368421052
0.2  1.0  0.0031578947368421052
0.25  1.0  0.005263157894736842
0.3  1.0  0.0
0.1  1.0  0.0
0.15  1.0  0.0
0.2  1.0  0.0
0.25  1.0  0.0
0.3  1.0  0.0
0.1  1.0  0.0
0.15  1.0  0.0
0.2  1.0  0.0021052631578947368
0.25  1.0  0.0010526315789473684
0.3  1.0  0.0
0.1  1.0  0.0
0.15  1.0  0.0
0.2  1.0  0.0
0.25  1.0  0.0
0.3  1.0  0.0
