1  0.80000000000000004  0.18842105263157893
2  0.83999999999999997  0.1968421052631579
3  0.88  0.13894736842105262
4  1.0  0.0
5  1.0  0.0010526315789473684
6  1.0  0.0
7  1.0  0.0
8  1.0  0.0
9  1.0  0.0
10  1.0  0.0
1  0.73999999999999999  0.31368421052631579
2  1.0  0.0031578947368421052
3  1.0  0.031578947368421054
4  1.0  0.0010526315789473684
5  0.92000000000000004  0.064210526315789468
6  1.0  0.0
7  0.95999999999999996  0.015789473684210527
8  1.0  0.0
9  1.0  0.0
10  1.0  0.0
1  0.88  0.065263157894736842
2  1.0  0.005263157894736842
3  1.0  0.0
4  1.0  0.0010526315789473684
5  1.0  0.0
6  1.0  0.0
7  1.0  0.0010526315789473684
8  1.0  0.0
9  1.0  0.0010526315789473684
10  1.0  0.0
1  0.59999999999999998  0.35263157894736841
2  0.83999999999999997  0.17684210526315788
3  1.0  0.0010526315789473684
4  0.97999999999999998  0.037894736842105266
5  1.0  0.0
6  1.0  0.0
7  1.0  0.0
8  1.0  0.0
9  1.0  0.0042105263157894736
10  1.0  0.0
1  0.88  0.095789473684210522
2  0.81999999999999995  0.20421052631578948
3  1.0  0.0
4  1.0  0.0
5  0.90000000000000002  0.041052631578947368
6  1.0  0.0
7  1.0  0.0
8  1.0  0.0
9  1.0  0.0
10  1.0  0.0
1  1.0  0.045263157894736845
2  1.0  0.0073684210526315788
3  0.92000000000000004  0.076842105263157892
4  1.0  0.0010526315789473684
5  1.0  0.0
6  1.0  0.023157894736842106
7  1.0  0.0
8  1.0  0.0
9  1.0  0.0021052631578947368
10  1.0  0.0
1  0.64000000000000001  0.30526315789473685
2  0.81999999999999995  0.13263157894736843
3  1.0  0.02
4  1.0  0.0
5  1.0  0.0021052631578947368
6  1.0  0.0
7  1.0  0.0
8  1.0  0.0
9  1.0  0.0
10  0.97999999999999998  0.0063157894736842104
1  0.83999999999999997  0.29999999999999999
2  0.97999999999999998  0.01368421052631579
3  1.0  0.061052631578947365
4  0.97999999999999998  0.038947368421052633
5  1.0  0.0
6  1.0  0.0
7  1.0  0.014736842105263158
8  1.0  0.0
9  1.0  0.0
10  1.0  0.0
1  0.69999999999999996  0.35789473684210527
2  0.93999999999999995  0.10421052631578948
3  1.0  0.005263157894736842
4  1.0  0.0073684210526315788
5  0.95999999999999996  0.10105263157894737
6  1.0  0.0
7  1.0  0.0
8  1.0  0.0031578947368421052
9  0.97999999999999998  0.010526315789473684
10  0.88  0.052631578947368418
1  0.71999999999999997  0.34842105263157896
2  0.69999999999999996  0.27789473684210525
3  0.90000000000000002  0.065263157894736842
4  1.0  0.0063157894736842104
5  0.97999999999999998  0.022105263157894735
6  1.0  0.0
7  1.0  0.0
8  1.0  0.0
9  1.0  0.0
10  1.0  0.0
1  0.68000000000000005  0.36105263157894735
2  0.90000000000000002  0.056842105263157895
3  0.93999999999999995  0.033684210526315789
4  0.90000000000000002  0.069473684210526312
5  1.0  0.0
6  1.0  0.0
7  1.0  0.0
8  1.0  0.0
9  1.0  0.0
10  1.0  0.0010526315789473684
1  0.62  0.33789473684210525
2  0.90000000000000002  0.20315789473684209
3  1.0  0.0
4  0.93999999999999995  0.018947368421052633
5  1.0  0.0
6  1.0  0.0
7  1.0  0.0
8  0.97999999999999998  0.031578947368421054
9  1.0  0.0
10  1.0  0.0010526315789473684
1  0.69999999999999996  0.31789473684210529
2  0.66000000000000003  0.28421052631578947
3  1.0  0.0010526315789473684
4  1.0  0.0010526315789473684
5  1.0  0.0
6  0.93999999999999995  0.024210526315789474
7  1.0  0.0
8  1.0  0.0
9  1.0  0.0
10  1.0  0.0
1  0.76000000000000001  0.24526315789473685
2  0.88  0.22315789473684211
3  0.97999999999999998  0.0042105263157894736
4  1.0  0.0042105263157894736
5  1.0  0.0031578947368421052
6  1.0  0.0
7  1.0  0.0010526315789473684
8  1.0  0.0
9  1.0  0.0
10  1.0  0.0
1  0.73999999999999999  0.20210526315789473
2  0.92000000000000004  0.12947368421052632
3  1.0  0.0021052631578947368
4  1.0  0.0
5  0.81999999999999995  0.21684210526315789
6  1.0  0.0
7  1.0  0.0
8  1.0  0.0
9  1.0  0.0
10  1.0  0.0
1  0.78000000000000003  0.33894736842105261
2  0.97999999999999998  0.045263157894736845
3  0.88  0.13894736842105262
4  0.97999999999999998  0.0
5  0.93999999999999995  0.05473684210526316
6  1.0  0.005263157894736842
7  1.0  0.0
8  1.0  0.0010526315789473684
9  1.0  0.0
10  1.0  0.0021052631578947368
1  0.93999999999999995  0.070526315789473687
2  1.0  0.0010526315789473684
3  1.0  0.0
4  1.0  0.0
5  0.95999999999999996  0.098947368421052631
6  1.0  0.0
7  0.95999999999999996  0.044210526315789471
8  1.0  0.0
9  1.0  0.0
10  0.97999999999999998  0.0
1  0.59999999999999998  0.23894736842105263
2  0.69999999999999996  0.30947368421052629
3  1.0  0.015789473684210527
4  1.0  0.012631578947368421
5  0.92000000000000004  0.087368421052631581
6  1.0  0.0
7  1.0  0.0
8  1.0  0.0
9  1.0  0.0
10  1.0  0.0
1  0.90000000000000002  0.14736842105263157
2  0.85999999999999999  0.073684210526315783
3  1.0  0.0
4  1.0  0.0021052631578947368
5  0.80000000000000004  0.16421052631578947
6  1.0  0.0
7  1.0  0.0031578947368421052
8  0.97999999999999998  0.005263157894736842
9  1.0  0.0
10  1.0  0.0
1  0.88  0.13052631578947368
2  1.0  0.0
3  0.81999999999999995  0.21894736842105264
4  0.88  0.12947368421052632
5  1.0  0.014736842105263158
6  0.93999999999999995  0.072631578947368422
7  1.0  0.0
8  1.0  0.0
9  1.0  0.0
10  1.0  0.0
1  0.68000000000000005  0.31684210526315787
2  1.0  0.0
3  0.95999999999999996  0.05894736842105263
4  1.0  0.0021052631578947368
5  1.0  0.0
6  1.0  0.0
7  1.0  0.0010526315789473684
8  1.0  0.0010526315789473684
9  1.0  0.0
10  1.0  0.0
1  1.0  0.0010526315789473684
2  0.97999999999999998  0.0042105263157894736
3  0.93999999999999995  0.12947368421052632
4  1.0  0.0
5  1.0  0.0010526315789473684
6  0.95999999999999996  0.025263157894736842
7  1.0  0.0
8  1.0  0.0
9  1.0  0.0
10  1.0  0.0
1  0.68000000000000005  0.29894736842105263
2  1.0  0.031578947368421054
3  0.95999999999999996  0.025263157894736842
4  1.0  0.0010526315789473684
5  1.0  0.0
6  1.0  0.0
7  1.0  0.0
8  1.0  0.0
9  1.0  0.0042105263157894736
10  1.0  0.0
1  1.0  0.0
2  0.93999999999999995  0.026315789473684209
3  0.90000000000000002  0.14736842105263157
4  1.0  0.0
5  0.97999999999999998  0.0031578947368421052
6  1.0  0.0042105263157894736
7  1.0  0.0
8  1.0  0.0
9  1.0  0.0
10  1.0  0.0
1  0.85999999999999999  0.13789473684210526
2  0.92000000000000004  0.043157894736842103
3  0.81999999999999995  0.23473684210526316
4  1.0  0.0
5  1.0  0.0
6  0.88  0.033684210526315789
7  1.0  0.0
8  1.0  0.0
9  1.0  0.0
10  1.0  0.0
1  1.0  0.0010526315789473684
2  1.0  0.1168421052631579
3  0.88  0.089473684210526316
4  0.80000000000000004  0.19894736842105262
5  1.0  0.0
6  1.0  0.0
7  0.97999999999999998  0.0042105263157894736
8  1.0  0.0021052631578947368
9  1.0  0.0
10  1.0  0.0
1  0.88  0.12
2  0.90000000000000002  0.1368421052631579
3  1.0  0.0
4  1.0  0.010526315789473684
5  0.97999999999999998  0.010526315789473684
6  0.97999999999999998  0.0010526315789473684
7  1.0  0.0
8  1.0  0.0
9  1.0  0.0
10  1.0  0.021052631578947368
1  0.90000000000000002  0.033684210526315789
2  0.90000000000000002  0.23263157894736841
3  1.0  0.0031578947368421052
4  1.0  0.014736842105263158
5  1.0  0.0
6  1.0  0.0
7  1.0  0.0
8  1.0  0.0
9  1.0  0.0
10  1.0  0.0
1  0.97999999999999998  0.0021052631578947368
2  0.88  0.27578947368421053
3  0.93999999999999995  0.064210526315789468
4  0.97999999999999998  0.012631578947368421
5  0.90000000000000002  0.067368421052631577
6  1.0  0.0
7  1.0  0.0
8  1.0  0.0
9  1.0  0.0
10  1.0  0.0
1  0.76000000000000001  0.34631578947368419
2  0.83999999999999997  0.21684210526315789
3  1.0  0.014736842105263158
4  0.81999999999999995  0.13578947368421052
5  0.97999999999999998  0.041052631578947368
6  1.0  0.0010526315789473684
7  1.0  0.0021052631578947368
8  1.0  0.0
9  1.0  0.014736842105263158
10  1.0  0.0
1  0.88  0.073684210526315783
2  1.0  0.0
3  0.93999999999999995  0.052631578947368418
4  1.0  0.0010526315789473684
5  1.0  0.0
6  1.0  0.0
7  1.0  0.0
8  1.0  0.0
9  1.0  0.0
10  1.0  0.0
1  0.62  0.37263157894736842
2  1.0  0.0
3  0.83999999999999997  0.16
4  1.0  0.0
5  1.0  0.0
6  1.0  0.0
7  1.0  0.0
8  1.0  0.0
9  1.0  0.0
10  1.0  0.0031578947368421052
1  0.69999999999999996  0.34000000000000002
2  0.71999999999999997  0.23789473684210527
3  0.97999999999999998  0.029473684210526315
4  0.85999999999999999  0.10526315789473684
5  0.95999999999999996  0.049473684210526316
6  1.0  0.0
7  1.0  0.0042105263157894736
8  1.0  0.0
9  1.0  0.0
10  1.0  0.0
1  0.64000000000000001  0.35789473684210527
2  0.92000000000000004  0.14947368421052631
3  0.88  0.1168421052631579
4  1.0  0.0
5  1.0  0.0
6  1.0  0.0
7  1.0  0.0
8  1.0  0.0
9  1.0  0.0
10  1.0  0.0
1  0.83999999999999997  0.10526315789473684
2  0.83999999999999997  0.16210526315789472
3  0.81999999999999995  0.14105263157894737
4  0.97999999999999998  0.02736842105263158
5  1.0  0.0
6  0.88  0.1031578947368421
7  1.0  0.0010526315789473684
8  1.0  0.0
9  1.0  0.0
10  1.0  0.0
1  0.62  0.32210526315789473
2  0.93999999999999995  0.17578947368421052
3  1.0  0.0
4  1.0  0.0
5  0.97999999999999998  0.0010526315789473684
6  1.0  0.0
7  1.0  0.0
8  1.0  0.0
9  1.0  0.0
10  1.0  0.0
1  0.76000000000000001  0.076842105263157892
2  1.0  0.0031578947368421052
3  0.78000000000000003  0.25157894736842107
4  1.0  0.0010526315789473684
5  0.93999999999999995  0.014736842105263158
6  1.0  0.0010526315789473684
7  1.0  0.0
8  1.0  0.0
9  0.97999999999999998  0.005263157894736842
10  1.0  0.0
1  0.73999999999999999  0.21684210526315789
2  0.90000000000000002  0.11789473684210526
3  0.66000000000000003  0.22421052631578947
4  1.0  0.0
5  0.97999999999999998  0.005263157894736842
6  0.95999999999999996  0.034736842105263156
7  1.0  0.010526315789473684
8  1.0  0.0
9  1.0  0.0
10  1.0  0.0
1  1.0  0.0010526315789473684
2  0.97999999999999998  0.035789473684210524
3  0.95999999999999996  0.015789473684210527
4  0.95999999999999996  0.073684210526315783
5  0.97999999999999998  0.015789473684210527
6  0.97999999999999998  0.0
7  1.0  0.0
8  1.0  0.0
9  1.0  0.0
10  1.0  0.0
1  0.71999999999999997  0.29684210526315791
2  1.0  0.0
3  0.97999999999999998  0.037894736842105266
4  1.0  0.0
5  1.0  0.0
6  1.0  0.0031578947368421052
7  1.0  0.0
8  1.0  0.0
9  1.0  0.0
10  1.0  0.0
1  0.66000000000000003  0.32421052631578945
2  0.95999999999999996  0.044210526315789471
3  0.76000000000000001  0.28315789473684211
4  0.97999999999999998  0.098947368421052631
5  1.0  0.0
6  0.97999999999999998  0.042105263157894736
7  1.0  0.0
8  1.0  0.0
9  1.0  0.0
10  1.0  0.0
1  0.93999999999999995  0.12947368421052632
2  0.83999999999999997  0.19263157894736843
3  0.88  0.13052631578947368
4  0.97999999999999998  0.018947368421052633
5  1.0  0.0042105263157894736
6  1.0  0.0
7  0.97999999999999998  0.017894736842105262
8  1.0  0.0
9  1.0  0.0
10  1.0  0.0
1  0.93999999999999995  0.087368421052631581
2  0.73999999999999999  0.21894736842105264
3  0.97999999999999998  0.0031578947368421052
4  1.0  0.0021052631578947368
5  0.90000000000000002  0.11368421052631579
6  1.0  0.015789473684210527
7  1.0  0.0010526315789473684
8  1.0  0.0
9  1.0  0.0
10  1.0  0.0
1  0.73999999999999999  0.22631578947368422
2  0.76000000000000001  0.21368421052631578
3  0.95999999999999996  0.061052631578947365
4  1.0  0.0021052631578947368
5  1.0  0.0
6  1.0  0.0
7  1.0  0.0010526315789473684
8  1.0  0.035789473684210524
9  1.0  0.0
10  1.0  0.0
1  0.66000000000000003  0.38105263157894737
2  0.95999999999999996  0.16210526315789472
3  0.95999999999999996  0.051578947368421051
4  0.88  0.12105263157894737
5  0.88  0.092631578947368426
6  1.0  0.0
7  1.0  0.0
8  1.0  0.0
9  1.0  0.0
10  1.0  0.0
1  0.78000000000000003  0.22105263157894736
2  1.0  0.0031578947368421052
3  1.0  0.0010526315789473684
4  1.0  0.0
5  1.0  0.0010526315789473684
6  1.0  0.0
7  1.0  0.0
8  1.0  0.0
9  1.0  0.0
10  1.0  0.0
1  0.88  0.090526315789473691
2  0.97999999999999998  0.010526315789473684
3  0.93999999999999995  0.065263157894736842
4  0.85999999999999999  0.14105263157894737
5  1.0  0.0
6  0.97999999999999998  0.055789473684210528
7  1.0  0.0
8  1.0  0.0
9  1.0  0.0
10  1.0  0.0
1  0.54000000000000004  0.31263157894736843
2  1.0  0.0
3  0.92000000000000004  0.070526315789473687
4  1.0  0.0063157894736842104
5  1.0  0.0
6  0.92000000000000004  0.052631578947368418
7  0.95999999999999996  0.052631578947368418
8  1.0  0.0
9  1.0  0.0063157894736842104
10  1.0  0.0
1  0.97999999999999998  0.017894736842105262
2  0.90000000000000002  0.066315789473684217
3  0.95999999999999996  0.011578947368421053
4  1.0  0.0
5  1.0  0.0
6  1.0  0.0
7  1.0  0.0
8  1.0  0.0
9  1.0  0.0
10  0.95999999999999996  0.015789473684210527
1  0.76000000000000001  0.33157894736842103
2  0.73999999999999999  0.28000000000000003
3  1.0  0.0
4  0.92000000000000004  0.10947368421052632
5  1.0  0.043157894736842103
6  0.97999999999999998  0.0021052631578947368
7  1.0  0.0
8  1.0  0.0
9  1.0  0.0010526315789473684
10  1.0  0.0
1  0.69999999999999996  0.38842105263157894
2  0.76000000000000001  0.28210526315789475
3  1.0  0.0
4  0.76000000000000001  0.10736842105263159
5  1.0  0.0
6  0.92000000000000004  0.070526315789473687
7  1.0  0.0
8  1.0  0.0
9  1.0  0.0
10  1.0  0.0
1  0.59999999999999998  0.34947368421052633
2  0.66000000000000003  0.22631578947368422
3  0.80000000000000004  0.1431578947368421
4  1.0  0.0
5  1.0  0.0021052631578947368
6  1.0  0.049473684210526316
7  1.0  0.0
8  1.0  0.0
9  1.0  0.0
10  1.0  0.0
1  0.92000000000000004  0.17263157894736841
2  0.78000000000000003  0.18421052631578946
3  0.95999999999999996  0.038947368421052633
4  1.0  0.0010526315789473684
5  1.0  0.0
6  0.97999999999999998  0.041052631578947368
7  1.0  0.0021052631578947368
8  1.0  0.0
9  1.0  0.0
10  1.0  0.0
1  0.71999999999999997  0.31157894736842107
2  0.95999999999999996  0.13263157894736843
3  0.97999999999999998  0.037894736842105266
4  0.83999999999999997  0.14947368421052631
5  0.93999999999999995  0.06210526315789474
6  1.0  0.0
7  1.0  0.0
8  1.0  0.0
9  1.0  0.0
10  1.0  0.014736842105263158
1  0.85999999999999999  0.13473684210526315
2  1.0  0.0010526315789473684
3  0.83999999999999997  0.17263157894736841
4  1.0  0.0010526315789473684
5  0.95999999999999996  0.02736842105263158
6  1.0  0.0
7  1.0  0.0
8  1.0  0.0
9  1.0  0.0
10  1.0  0.0084210526315789472
1  0.69999999999999996  0.32210526315789473
2  0.88  0.16315789473684211
3  1.0  0.0031578947368421052
4  1.0  0.0
5  1.0  0.0010526315789473684
6  0.97999999999999998  0.0073684210526315788
7  1.0  0.0
8  1.0  0.0
9  1.0  0.0010526315789473684
10  0.97999999999999998  0.0073684210526315788
1  0.93999999999999995  0.068421052631578952
2  0.69999999999999996  0.23052631578947369
3  0.93999999999999995  0.042105263157894736
4  1.0  0.0
5  1.0  0.0
6  0.90000000000000002  0.14736842105263157
7  1.0  0.0
8  1.0  0.0
9  1.0  0.0
10  1.0  0.0
1  1.0  0.0042105263157894736
2  1.0  0.0031578947368421052
3  1.0  0.0021052631578947368
4  0.92000000000000004  0.10842105263157895
5  0.95999999999999996  0.01368421052631579
6  1.0  0.0010526315789473684
7  1.0  0.0
8  0.95999999999999996  0.028421052631578948
9  0.95999999999999996  0.086315789473684207
10  1.0  0.0
1  0.62  0.33473684210526317
2  0.97999999999999998  0.056842105263157895
3  0.90000000000000002  0.16
4  0.97999999999999998  0.0042105263157894736
5  1.0  0.011578947368421053
6  0.95999999999999996  0.071578947368421048
7  1.0  0.0
8  1.0  0.0
9  1.0  0.0
10  1.0  0.0
1  0.88  0.10736842105263159
2  0.90000000000000002  0.10842105263157895
3  1.0  0.0
4  0.90000000000000002  0.13789473684210526
5  1.0  0.0
6  1.0  0.0
7  1.0  0.0
8  1.0  0.0
9  0.95999999999999996  0.015789473684210527
10  1.0  0.0
1  1.0  0.0042105263157894736
2  0.73999999999999999  0.26947368421052631
3  0.93999999999999995  0.030526315789473683
4  0.92000000000000004  0.037894736842105266
5  1.0  0.0021052631578947368
6  1.0  0.0
7  1.0  0.0
8  1.0  0.0042105263157894736
9  1.0  0.0
10  1.0  0.0
1  0.73999999999999999  0.31578947368421051
2  0.76000000000000001  0.32736842105263159
3  0.85999999999999999  0.12210526315789473
4  0.88  0.068421052631578952
5  0.93999999999999995  0.068421052631578952
6  1.0  0.0
7  1.0  0.0
8  1.0  0.0
9  1.0  0.0
10  1.0  0.0010526315789473684
1  1.0  0.016842105263157894
2  0.97999999999999998  0.0094736842105263164
3  1.0  0.011578947368421053
4  1.0  0.0084210526315789472
5  0.97999999999999998  0.0084210526315789472
6  1.0  0.0
7  1.0  0.0
8  1.0  0.0
9  1.0  0.0
10  1.0  0.0
1  0.95999999999999996  0.035789473684210524
2  0.81999999999999995  0.22631578947368422
3  1.0  0.0
4  0.93999999999999995  0.055789473684210528
5  1.0  0.0
6  1.0  0.0
7  1.0  0.0
8  1.0  0.0
9  1.0  0.0
10  0.95999999999999996  0.023157894736842106
1  0.73999999999999999  0.2431578947368421
2  0.97999999999999998  0.010526315789473684
3  1.0  0.0
4  1.0  0.011578947368421053
5  0.90000000000000002  0.088421052631578942
6  1.0  0.0
7  1.0  0.0
8  1.0  0.0
9  1.0  0.0042105263157894736
10  1.0  0.0
1  0.85999999999999999  0.15684210526315789
2  0.85999999999999999  0.27894736842105261
3  1.0  0.0
4  1.0  0.0
5  1.0  0.0
6  1.0  0.0
7  0.97999999999999998  0.022105263157894735
8  1.0  0.0
9  0.97999999999999998  0.014736842105263158
10  1.0  0.0
1  0.83999999999999997  0.20526315789473684
2  0.78000000000000003  0.21789473684210525
3  1.0  0.0
4  0.93999999999999995  0.076842105263157892
5  0.92000000000000004  0.053684210526315793
6  1.0  0.0
7  0.97999999999999998  0.038947368421052633
8  1.0  0.0
9  1.0  0.0
10  1.0  0.0
1  0.88  0.075789473684210532
2  0.90000000000000002  0.071578947368421048
3  1.0  0.0010526315789473684
4  0.90000000000000002  0.10842105263157895
5  1.0  0.021052631578947368
6  0.85999999999999999  0.14421052631578948
7  1.0  0.0
8  1.0  0.0
9  1.0  0.0
10  1.0  0.0
1  0.47999999999999998  0.31894736842105265
2  0.95999999999999996  0.026315789473684209
3  1.0  0.0094736842105263164
4  1.0  0.0
5  1.0  0.0021052631578947368
6  1.0  0.0
7  1.0  0.0
8  1.0  0.0
9  1.0  0.0
10  1.0  0.0
1  0.68000000000000005  0.30736842105263157
2  1.0  0.012631578947368421
3  1.0  0.0021052631578947368
4  1.0  0.0
5  1.0  0.0
6  1.0  0.0
7  1.0  0.0
8  1.0  0.0
9  1.0  0.0
10  1.0  0.0
1  0.80000000000000004  0.29473684210526313
2  1.0  0.0010526315789473684
3  1.0  0.0021052631578947368
4  0.93999999999999995  0.11473684210526315
5  0.90000000000000002  0.1694736842105263
6  1.0  0.0
7  1.0  0.0010526315789473684
8  1.0  0.0
9  1.0  0.0
10  1.0  0.0010526315789473684
1  0.83999999999999997  0.22105263157894736
2  0.97999999999999998  0.024210526315789474
3  1.0  0.0
4  0.83999999999999997  0.15157894736842106
5  1.0  0.0010526315789473684
6  1.0  0.0
7  1.0  0.0
8  1.0  0.0
9  1.0  0.0
10  1.0  0.0
1  1.0  0.0021052631578947368
2  0.69999999999999996  0.26947368421052631
3  0.69999999999999996  0.2063157894736842
4  0.93999999999999995  0.069473684210526312
5  1.0  0.0073684210526315788
6  1.0  0.0
7  0.97999999999999998  0.05473684210526316
8  1.0  0.0031578947368421052
9  1.0  0.0
10  1.0  0.0
1  0.59999999999999998  0.35473684210526318
2  0.81999999999999995  0.20315789473684209
3  0.90000000000000002  0.1031578947368421
4  1.0  0.0073684210526315788
5  0.97999999999999998  0.038947368421052633
6  1.0  0.0
7  1.0  0.0
8  1.0  0.005263157894736842
9  1.0  0.0
10  1.0  0.0021052631578947368
1  0.80000000000000004  0.24736842105263157
2  0.85999999999999999  0.22631578947368422
3  0.97999999999999998  0.01368421052631579
4  0.83999999999999997  0.17052631578947369
5  1.0  0.0
6  1.0  0.0010526315789473684
7  1.0  0.0021052631578947368
8  1.0  0.0
9  1.0  0.0
10  1.0  0.0
1  0.81999999999999995  0.33894736842105261
2  1.0  0.0010526315789473684
3  1.0  0.0021052631578947368
4  0.95999999999999996  0.02736842105263158
5  0.76000000000000001  0.14000000000000001
6  1.0  0.0010526315789473684
7  1.0  0.0
8  0.97999999999999998  0.063157894736842107
9  1.0  0.0
10  1.0  0.0
1  0.78000000000000003  0.24842105263157896
2  1.0  0.0010526315789473684
3  0.97999999999999998  0.074736842105263157
4  1.0  0.0
5  0.92000000000000004  0.14842105263157895
6  1.0  0.0
7  1.0  0.0
8  1.0  0.0
9  1.0  0.0
10  1.0  0.0
1  1.0  0.0010526315789473684
2  1.0  0.0010526315789473684
3  0.78000000000000003  0.16736842105263158
4  1.0  0.0
5  1.0  0.0
6  0.97999999999999998  0.015789473684210527
7  1.0  0.0
8  1.0  0.012631578947368421
9  1.0  0.0
10  1.0  0.0
1  0.64000000000000001  0.29157894736842105
2  1.0  0.0031578947368421052
3  0.93999999999999995  0.14000000000000001
4  0.93999999999999995  0.055789473684210528
5  1.0  0.0
6  1.0  0.0
7  1.0  0.0
8  1.0  0.0
9  1.0  0.0
10  1.0  0.0
1  0.97999999999999998  0.0021052631578947368
2  1.0  0.0021052631578947368
3  0.88  0.25578947368421051
4  1.0  0.053684210526315793
5  1.0  0.0
6  0.97999999999999998  0.043157894736842103
7  1.0  0.0063157894736842104
8  1.0  0.0010526315789473684
9  1.0  0.0
10  1.0  0.0
1  0.59999999999999998  0.29894736842105263
2  0.76000000000000001  0.22315789473684211
3  0.80000000000000004  0.21789473684210525
4  1.0  0.0031578947368421052
5  1.0  0.0
6  0.97999999999999998  0.046315789473684213
7  1.0  0.0094736842105263164
8  0.97999999999999998  0.0031578947368421052
9  1.0  0.0
10  1.0  0.0
1  1.0  0.0010526315789473684
2  0.81999999999999995  0.15157894736842106
3  1.0  0.0063157894736842104
4  0.95999999999999996  0.050526315789473683
5  1.0  0.0
6  1.0  0.0
7  1.0  0.0
8  1.0  0.0021052631578947368
9  1.0  0.0
10  1.0  0.0
1  0.68000000000000005  0.35789473684210527
2  0.97999999999999998  0.011578947368421053
3  0.88  0.15894736842105264
4  0.85999999999999999  0.15052631578947367
5  0.92000000000000004  0.11052631578947368
6  1.0  0.0
7  1.0  0.0
8  1.0  0.0
9  1.0  0.0
10  1.0  0.0042105263157894736
1  0.81999999999999995  0.19157894736842104
2  0.78000000000000003  0.23894736842105263
3  0.92000000000000004  0.095789473684210522
4  1.0  0.0
5  1.0  0.0010526315789473684
6  0.93999999999999995  0.11052631578947368
7  0.97999999999999998  0.072631578947368422
8  1.0  0.0
9  1.0  0.0
10  1.0  0.0
1  0.93999999999999995  0.075789473684210532
2  1.0  0.0
3  1.0  0.0010526315789473684
4  0.88  0.10736842105263159
5  0.92000000000000004  0.012631578947368421
6  1.0  0.0
7  1.0  0.0
8  0.97999999999999998  0.0063157894736842104
9  1.0  0.0
10  1.0  0.0
1  0.66000000000000003  0.32421052631578945
2  1.0  0.017894736842105262
3  0.97999999999999998  0.0084210526315789472
4  1.0  0.0
5  1.0  0.0
6  0.95999999999999996  0.02
7  1.0  0.0021052631578947368
8  1.0  0.0010526315789473684
9  1.0  0.0010526315789473684
10  1.0  0.0
1  0.62  0.29368421052631577
2  1.0  0.0010526315789473684
3  1.0  0.0
4  1.0  0.0
5  1.0  0.0010526315789473684
6  0.95999999999999996  0.037894736842105266
7  0.92000000000000004  0.070526315789473687
8  0.93999999999999995  0.04736842105263158
9  0.97999999999999998  0.0094736842105263164
10  1.0  0.0
1  0.97999999999999998  0.0010526315789473684
2  1.0  0.0010526315789473684
3  1.0  0.0010526315789473684
4  0.81999999999999995  0.18842105263157893
5  0.95999999999999996  0.044210526315789471
6  0.97999999999999998  0.0010526315789473684
7  1.0  0.0
8  1.0  0.0031578947368421052
9  1.0  0.0
10  1.0  0.0
1  0.71999999999999997  0.29157894736842105
2  0.88  0.12947368421052632
3  1.0  0.0
4  1.0  0.0
5  0.97999999999999998  0.017894736842105262
6  1.0  0.0
7  1.0  0.0021052631578947368
8  1.0  0.0
9  1.0  0.0
10  1.0  0.0
1  0.80000000000000004  0.19052631578947368
2  1.0  0.0
3  1.0  0.0010526315789473684
4  0.76000000000000001  0.17473684210526316
5  1.0  0.018947368421052633
6  1.0  0.0010526315789473684
7  1.0  0.0
8  1.0  0.0
9  1.0  0.0
10  1.0  0.0
1  0.62  0.36315789473684212
2  0.66000000000000003  0.20947368421052631
3  1.0  0.0021052631578947368
4  0.93999999999999995  0.05473684210526316
5  1.0  0.0010526315789473684
6  1.0  0.0010526315789473684
7  1.0  0.0
8  1.0  0.0
9  1.0  0.0
10  1.0  0.0021052631578947368
1  0.59999999999999998  0.36315789473684212
2  1.0  0.0021052631578947368
3  0.95999999999999996  0.024210526315789474
4  1.0  0.0
5  0.97999999999999998  0.030526315789473683
6  1.0  0.0
7  1.0  0.0021052631578947368
8  1.0  0.0
9  1.0  0.0
10  1.0  0.0
1  1.0  0.0031578947368421052
2  0.81999999999999995  0.16421052631578947
3  0.88  0.10000000000000001
4  0.88  0.12210526315789473
5  1.0  0.0
6  0.83999999999999997  0.15578947368421053
7  0.97999999999999998  0.012631578947368421
8  1.0  0.0021052631578947368
9  1.0  0.0063157894736842104
10  1.0  0.0
1  0.93999999999999995  0.10421052631578948
2  0.83999999999999997  0.10105263157894737
3  1.0  0.0
4  0.85999999999999999  0.082105263157894737
5  1.0  0.0010526315789473684
6  1.0  0.0
7  1.0  0.0
8  1.0  0.0
9  1.0  0.0
10  1.0  0.0
1  0.71999999999999997  0.17157894736842105
2  1.0  0.0010526315789473684
3  1.0  0.0084210526315789472
4  1.0  0.010526315789473684
5  1.0  0.0031578947368421052
6  1.0  0.0
7  1.0  0.0
8  1.0  0.0031578947368421052
9  1.0  0.024210526315789474
10  1.0  0.0021052631578947368
1  0.68000000000000005  0.27894736842105261
2  1.0  0.0
3  1.0  0.0
4  0.78000000000000003  0.14736842105263157
5  1.0  0.016842105263157894
6  1.0  0.043157894736842103
7  1.0  0.0021052631578947368
8  1.0  0.0
9  1.0  0.022105263157894735
10  1.0  0.0
1  0.80000000000000004  0.23684210526315788
2  0.85999999999999999  0.17578947368421052
3  0.97999999999999998  0.082105263157894737
4  1.0  0.0042105263157894736
5  1.0  0.0
6  0.88  0.075789473684210532
7  1.0  0.0
8  1.0  0.0
9  1.0  0.0
10  1.0  0.0010526315789473684
1  0.76000000000000001  0.30421052631578949
2  0.73999999999999999  0.2063157894736842
3  1.0  0.0
4  0.93999999999999995  0.052631578947368418
5  1.0  0.0
6  1.0  0.0
7  1.0  0.0
8  1.0  0.0
9  1.0  0.0
10  1.0  0.0
1  0.64000000000000001  0.27578947368421053
2  0.93999999999999995  0.086315789473684207
3  1.0  0.005263157894736842
4  1.0  0.0010526315789473684
5  1.0  0.02
6  1.0  0.0
7  1.0  0.0
8  1.0  0.0
9  1.0  0.0010526315789473684
10  1.0  0.0
1  0.73999999999999999  0.29684210526315791
2  0.62  0.28842105263157897
3  0.90000000000000002  0.11157894736842106
4  0.97999999999999998  0.011578947368421053
5  1.0  0.0073684210526315788
6  1.0  0.0
7  1.0  0.0
8  1.0  0.0021052631578947368
9  1.0  0.0
10  1.0  0.0
